0.0450775	0.0057912	0.0100172	0.00438253	0.0151823	0.0117389	0.0230083	0.00610424	0.0173736	0.0435123	0.0181562	0.0122085	0.0140867	0.0065738	0.766787	
0.023622	0.0317421	0.023622	0.115157	0.0344488	0.310778	0.054626	0.0846457	0.00787402	0.151083	0.00688976	0.134843	0.0189469	0.000738189	0.000984252	
0.0680597	0.143284	0.00238806	0.0907463	0.0949254	0.10209	0.0686567	0.17791	0.00716418	0.0823881	0.00895522	0.0913433	0.0477612	0.00835821	0.00597015	
0.029321	0.0817901	0.0262346	0.192901	0.0833333	0.103395	0.148148	0.125	0.00925926	0.0447531	0.00462963	0.0601852	0.0725309	0.0123457	0.00617284	
0.0173103	0.0905459	0.0346205	0.0705726	0.0525965	0.227696	0.116511	0.146471	0.00133156	0.0725699	0.0139814	0.114514	0.0359521	0.000665779	0.00466045	
0.0306462	0.0632911	0.0186542	0.0919387	0.0846103	0.134577	0.0772818	0.162558	0.0186542	0.0932712	0.0106596	0.105263	0.103931	0.00199867	0.00266489	
0.0672515	0.0701754	0.00292398	0.0350877	0.0974659	0.180312	0.0604288	0.185185	0.00389864	0.121832	0.0321637	0.0984405	0.042885	0.000974659	0.000974659	
0.0268817	0.00537634	0.0268817	0.00537634	0.107527	0.00537634	0.00537634	0.00537634	0.139785	0.0322581	0.0322581	0.00537634	0.0483871	0.016129	0.537634	
0.0160772	0.0514469	0.0160772	0.0643087	0.0321543	0.292605	0.0610932	0.0836013	0.0257235	0.0385852	0.0450161	0.128617	0.138264	0.00321543	0.00321543	
0.0151057	0.0966767	0.0120846	0.0906344	0.10574	0.193353	0.108761	0.135952	0.0060423	0.021148	0.0060423	0.138973	0.0513595	0.0151057	0.00302115	
0.0371179	0.0982533	0.0709607	0.197598	0.0163755	0.311135	0.040393	0.0949782	0.00655022	0.0163755	0.00327511	0.0305677	0.0709607	0.0010917	0.00436681	
0.00901191	0.0354039	0.0421629	0.00193112	0.0312198	0.104281	0.0962343	0.0605085	0.00193112	0.0289668	0.0321854	0.472803	0.0782105	0.00160927	0.00354039	
0.028777	0.0359712	0.0431655	0.057554	0.158273	0.100719	0.122302	0.0647482	0.00719424	0.0719424	0.122302	0.0503597	0.122302	0.00719424	0.00719424	
0.0756972	0.0717131	0.00796813	0.12749	0.14741	0.0557769	0.0876494	0.0996016	0.0199203	0.163347	0.0318725	0.0318725	0.0717131	0.00398406	0.00398406	
0.0425482	0.0181353	0.0111602	0.0348756	0.0934666	0.290165	0.0744013	0.139502	0.00720763	0.153918	0.00395257	0.0332481	0.0962567	0.000697512	0.000465008	
0.0153846	0.1	0.0230769	0.0615385	0.0307692	0.215385	0.1	0.276923	0.0153846	0.0846154	0.00769231	0.00769231	0.0461538	0.00769231	0.00769231	
0.0104839	0.0794355	0.0104839	0.109274	0.0931452	0.102823	0.106048	0.204032	0.0177419	0.0467742	0.0237903	0.0721774	0.122984	0.000403226	0.000403226	
0.0488225	0.150488	0.0166571	0.148191	0.0717978	0.104538	0.0488225	0.135554	0.0097645	0.144744	0.0109133	0.0695003	0.0292935	0.00229753	0.00861574	
0.0621651	0.0621651	0.0139335	0.0846731	0.0160772	0.153269	0.0578778	0.0621651	0.0300107	0.335477	0.00321543	0.0439443	0.0353698	0.00107181	0.0385852	
0.0142539	0.0766147	0.0144766	0.0420935	0.0610245	0.194655	0.109577	0.191537	0.0113586	0.144989	0.000668151	0.0458797	0.0906459	0.000222717	0.00200445	
0.0128599	0.124406	0.010903	0.178362	0.00251607	0.346659	0.0220855	0.144814	0.00335477	0.132234	0.00111826	0.0134191	0.00642997	0.000279564	0.000559128	
0.0324149	0.0243112	0.00875203	0.0136143	0.0531605	0.0534846	0.0583468	0.204862	0.0126418	0.13517	0.000972447	0.00777958	0.0878444	0.120908	0.185737	
0.0619308	0.0346084	0.0400729	0.0510018	0.0327869	0.0983607	0.0637523	0.153005	0.0510018	0.169399	0.0856102	0.0309654	0.0473588	0.0510018	0.0291439	
0.00815892	0.100035	0.0439872	0.14828	0.0546293	0.137992	0.102873	0.171692	0.0156084	0.0336999	0.0251862	0.0546293	0.1011	0.00177368	0.000354736	
0.0434783	0.0217391	0.0869565	0.0869565	0.195652	0.0217391	0.0217391	0.130435	0.0217391	0.0652174	0.0434783	0.130435	0.0869565	0.0217391	0.0217391	
0.0558952	0.20524	0.0148472	0.146725	0.0532751	0.131004	0.0585153	0.130131	0.0323144	0.0515284	0.00349345	0.0663755	0.0471616	0.00262009	0.000873362	
0.0294118	0.0526961	0.0134804	0.0710784	0.139706	0.0821078	0.0906863	0.14951	0.0183824	0.0526961	0.0919118	0.060049	0.144608	0.00122549	0.00245098	
0.0692501	0.0864729	0.0322928	0.10226	0.0566918	0.191604	0.074991	0.0914962	0.0100466	0.119483	0.0322928	0.0678149	0.058127	0.00358809	0.00358809	
0.0372036	0.121423	0.0237122	0.0960752	0.110793	0.140229	0.0862633	0.228536	0.0110384	0.0318888	0.0163532	0.0588716	0.0367948	0.000408831	0.000408831	
0.0156204	0.0453876	0.0471559	0.0527557	0.0524609	0.168582	0.0627763	0.111701	0.0757442	0.127321	0.0156204	0.106396	0.0981432	0.0159151	0.00442087	
0.0618826	0.0772807	0.0294887	0.207292	0.0350087	0.105171	0.100232	0.179983	0.0191749	0.0398024	0.0200465	0.0534573	0.0688553	0.00174317	0.000581058	
0.103647	0.0115163	0.059501	0.0134357	0.0153551	0.049904	0.0671785	0.0633397	0.0671785	0.00383877	0.0364683	0.0115163	0.024952	0.0345489	0.43762	
0.0541958	0.0157343	0.0192308	0.00174825	0.00174825	0.00174825	0.00524476	0.00174825	0.0314685	0.0314685	0.00174825	0.0157343	0.00874126	0.00699301	0.802448	
0.0241546	0.0434783	0.0338164	0.0869565	0.0628019	0.144928	0.0966184	0.21256	0.00483092	0.130435	0.0193237	0.00966184	0.10628	0.00483092	0.0193237	
0.00596206	0.00758808	0.00596206	0.0617886	0.315989	0.0612466	0.0498645	0.196206	0.0097561	0.101897	0.0444444	0.0260163	0.110569	0.00108401	0.00162602	
0.0397351	0.0397351	0.00662252	0.13245	0.251656	0.172185	0.0198675	0.125828	0.00662252	0.0529801	0.013245	0.0397351	0.0728477	0.0198675	0.00662252	
0.0146572	0.064933	0.0072498	0.0679275	0.0652482	0.099606	0.110638	0.269504	0.0176517	0.104019	0.0124507	0.0613081	0.101497	0.00236407	0.000945626	
0.0553506	0.0738007	0.0442804	0.0295203	0.0221402	0.199262	0.0922509	0.136531	0.00738007	0.0701107	0.0553506	0.099631	0.099631	0.0110701	0.00369004	
0.0280728	0.030349	0.00455235	0.217754	0.0455235	0.0758725	0.124431	0.296662	0.0204856	0.0440061	0.00531108	0.0197269	0.0834598	0.000758725	0.0030349	
0.00434783	0.076087	0.0108696	0.143478	0.076087	0.365217	0.023913	0.1	0.00869565	0.0413043	0.0152174	0.0565217	0.0717391	0.00217391	0.00434783	
0.00389294	0.0515815	0.0342255	0.0428224	0.115166	0.16837	0.0794809	0.115328	0.00729927	0.0340633	0.070884	0.20146	0.0726683	0.00178427	0.000973236	
0.0163711	0.125512	0.0600273	0.0395634	0.178718	0.214188	0.0927694	0.0723056	0.00682128	0.0136426	0.0395634	0.0982265	0.0286494	0.00682128	0.00682128	
0.0128617	0.0525188	0.0182208	0.0203644	0.0921758	0.301179	0.0953912	0.0921758	0.0107181	0.056806	0.034298	0.144695	0.0643087	0.00107181	0.00321543	
0.0327869	0.0532787	0.0286885	0.0327869	0.217213	0.331967	0.0163934	0.0655738	0.0122951	0.0901639	0.0327869	0.0286885	0.0491803	0.00409836	0.00409836	
0.0263158	0.0368421	0.0412281	0.0333333	0.117544	0.118421	0.105263	0.183333	0.0166667	0.0763158	0.0192982	0.0570175	0.166667	0.000877193	0.000877193	
0.00711744	0.0213523	0.00569395	0.0113879	0.215658	0.0989324	0.0590747	0.153025	0.0170819	0.052669	0.0697509	0.0775801	0.208541	0.000711744	0.00142349	
0.015625	0.03125	0.015625	0.015625	0.328125	0.265625	0.015625	0.015625	0.015625	0.09375	0.0625	0.046875	0.015625	0.015625	0.046875	
0.00694927	0.0562891	0.0180681	0.0145935	0.117443	0.264072	0.0799166	0.189715	0.00833912	0.0347464	0.0173732	0.133426	0.0507297	0.00138985	0.00694927	
0.0141393	0.122658	0.0494875	0.0318134	0.08731	0.112054	0.106045	0.132202	0.0378226	0.0219159	0.0314599	0.131495	0.106398	0.00671615	0.00848356	
0.0535714	0.0969388	0.0331633	0.260204	0.00765306	0.191327	0.0586735	0.104592	0.00510204	0.0918367	0.00255102	0.0331633	0.0127551	0.0153061	0.0331633	
0.0190397	0.0488411	0.0173841	0.0413907	0.147351	0.259106	0.0405629	0.136589	0.00662252	0.0521523	0.0827815	0.112583	0.0339404	0.000827815	0.000827815	
0.00930851	0.0146277	0.0106383	0.0744681	0.329787	0.0718085	0.0132979	0.224734	0.00531915	0.107713	0.0970745	0.0119681	0.0239362	0.00265957	0.00265957	
0.0578035	0.236994	0.00578035	0.0346821	0.150289	0.121387	0.0520231	0.144509	0.00578035	0.0289017	0.0520231	0.0520231	0.0346821	0.00578035	0.017341	
0.0558891	0.107159	0.0748268	0.104388	0.0230947	0.146882	0.103464	0.0775982	0.0443418	0.0221709	0.00969977	0.119169	0.0946882	0.00554273	0.0110855	
0.00312826	0.0448384	0.00625652	0.0427529	0.160584	0.177268	0.0542231	0.223149	0.0260688	0.0667362	0.0385819	0.0604797	0.0907195	0.00312826	0.00208551	
0.0108992	0.00744777	0.00853769	0.0223433	0.1802	0.0679382	0.0928247	0.191281	0.026158	0.0702997	0.0279746	0.0321526	0.257221	0.00435967	0.000363306	
0.00719424	0.028777	0.100719	0.179856	0.0791367	0.028777	0.129496	0.208633	0.00719424	0.0863309	0.0143885	0.028777	0.0863309	0.00719424	0.00719424	
0.0157955	0.00775416	0.00488225	0.248708	0.165709	0.136416	0.0470994	0.160827	0.0097645	0.0571511	0.00861574	0.012062	0.0608845	0.0634693	0.000861574	
0.0287022	0.0257903	0.0116473	0.353577	0.0694676	0.122712	0.0424293	0.0890183	0.00332779	0.0507488	0.0199667	0.00915141	0.0170549	0.152662	0.00374376	
0.0128205	0.0384615	0.153846	0.0897436	0.025641	0.128205	0.0384615	0.0384615	0.0641026	0.0128205	0.0128205	0.025641	0.179487	0.166667	0.0128205	
0.0214086	0.0397146	0.00744648	0.23022	0.0747751	0.132485	0.0822215	0.209742	0.0155135	0.0937015	0.00465405	0.0366119	0.047161	0.0031027	0.00124108	
0.0207254	0.0569948	0.0207254	0.0362694	0.217617	0.253886	0.0673575	0.0310881	0.0259067	0.0259067	0.103627	0.0725389	0.0518135	0.0103627	0.00518135	
0.0202578	0.0165746	0.0138122	0.0690608	0.267035	0.185083	0.0313076	0.127993	0.00184162	0.123389	0.0570902	0.0478821	0.0359116	0.00184162	0.00092081	
0.061674	0.105727	0.0176211	0.132159	0.0484581	0.154185	0.0396476	0.185022	0.00440529	0.185022	0.0264317	0.00440529	0.0220264	0.00881057	0.00440529	
0.157303	0.0205993	0.0177903	0.011236	0.198502	0.0374532	0.0973783	0.088015	0.00842697	0.0365169	0.0505618	0.0402622	0.203184	0.011236	0.0215356	
0.0589744	0.149817	0.0501832	0.0644689	0.0417582	0.0534799	0.0948718	0.18022	0.0296703	0.0630037	0.0509158	0.074359	0.0846154	0.0032967	0.0003663	
0.11482	0.0133511	0.012016	0.00534045	0.0400534	0.0213618	0.0267023	0.0106809	0.208278	0.012016	0.0200267	0.0507343	0.024032	0.0146862	0.425901	
0.0137777	0.13813	0.0221385	0.0634715	0.0678285	0.0965615	0.081724	0.203603	0.0100094	0.159444	0.015544	0.0701837	0.056406	0.000824305	0.000353274	
0.0207011	0.0132487	0.0207011	0.0513387	0.415402	0.0645874	0.0182169	0.152084	0.00441623	0.0463704	0.130831	0.0292575	0.0317417	0.000552029	0.000552029	
0.0185349	0.0644307	0.015887	0.142101	0.0644307	0.298323	0.0194175	0.1015	0.0185349	0.113857	0.00794351	0.0785525	0.0458959	0.00529568	0.00529568	
0.0397196	0.088785	0.0443925	0.00623053	0.105919	0.0957944	0.127726	0.165888	0.0241433	0.046729	0.0311526	0.0700935	0.148754	0.00233645	0.00233645	
0.0476974	0.00493421	0.0213816	0.0279605	0.129934	0.101974	0.0641447	0.167763	0.0180921	0.118421	0.0213816	0.0657895	0.09375	0.0921053	0.0246711	
0.020148	0.138158	0.0279605	0.0402961	0.03125	0.168997	0.0925164	0.139391	0.0143914	0.159128	0.00822368	0.115132	0.0402961	0.00287829	0.00123355	
0.00323625	0.012945	0.02589	0.00323625	0.116505	0.200647	0.119741	0.0970874	0.0453074	0.0873786	0.00647249	0.122977	0.139159	0.00647249	0.012945	
0.0305882	0.0188235	0.0447059	0.00235294	0.0235294	0.00941176	0.00941176	0.0211765	0.141176	0.0188235	0.0258824	0.0164706	0.0352941	0.04	0.562353	
0.0284698	0.181495	0.0676157	0.0533808	0.0106762	0.19573	0.0533808	0.209964	0.0213523	0.0782918	0.00355872	0.0462633	0.0427046	0.00355872	0.00355872	
0.0874251	0.060479	0.0748503	0.0239521	0.0634731	0.168263	0.0592814	0.0862275	0.0125749	0.190419	0.0125749	0.0622754	0.0461078	0.0479042	0.00419162	
0.03125	0.0625	0.03125	0.03125	0.0625	0.03125	0.15625	0.03125	0.03125	0.25	0.03125	0.03125	0.09375	0.09375	0.03125	
0.12	0.04	0.08	0.04	0.04	0.04	0.04	0.04	0.08	0.04	0.08	0.12	0.16	0.04	0.04	
0.0124575	0.0237826	0.0147225	0.0792752	0.202718	0.235561	0.0724802	0.15402	0.011325	0.0464326	0.00226501	0.0906002	0.0509626	0.00226501	0.0011325	
0.00740741	0.0518519	0.118519	0.133333	0.0148148	0.0814815	0.125926	0.125926	0.00740741	0.118519	0.0592593	0.0888889	0.0296296	0.0296296	0.00740741	
0.0157947	0.0503455	0.00691017	0.106614	0.158934	0.198421	0.0552813	0.0858835	0.005923	0.112537	0.0503455	0.0750247	0.0681145	0.00789733	0.00197433	
0.116788	0.00364964	0.0328467	0.0510949	0.0218978	0.0729927	0.0656934	0.19708	0.00364964	0.127737	0.0766423	0.0875912	0.080292	0.0583942	0.00364964	
0.0806258	0.11071	0.00481348	0.156438	0.0481348	0.126354	0.032491	0.134777	0.0204573	0.22142	0.00361011	0.0373045	0.00842359	0.00842359	0.00601685	
0.0752688	0.119257	0.0420332	0.0654936	0.0596285	0.16129	0.159335	0.0938416	0.0156403	0.103617	0.0156403	0.0449658	0.0381232	0.000977517	0.00488759	
0.0301769	0.0478668	0.0228928	0.110302	0.0197711	0.277836	0.117586	0.114464	0.0166493	0.0811655	0.00520291	0.062435	0.0863684	0.0062435	0.00104058	
0.0288312	0.122078	0.025974	0.0883117	0.0574026	0.110649	0.0748052	0.235584	0.0174026	0.0683117	0.0103896	0.0833766	0.0748052	0.00181818	0.00025974	
0.0944882	0.00472441	0.0251969	0.00787402	0.0015748	0.0283465	0.0440945	0.0425197	0.0456693	0.135433	0.411024	0.0251969	0.00787402	0.0992126	0.0267717	
0.00877743	0.0426332	0.0119122	0.0351097	0.289655	0.151097	0.030721	0.158621	0.00626959	0.0394984	0.0601881	0.116614	0.046395	0.00125392	0.00125392	
0.0020202	0.0868687	0.0272727	0.131313	0.0272727	0.170707	0.126263	0.182828	0.010101	0.0656566	0.00505051	0.0909091	0.0686869	0.0030303	0.0020202	
0.0384615	0.0192308	0.0192308	0.0576923	0.0192308	0.0384615	0.0192308	0.0192308	0.0192308	0.0192308	0.211538	0.0192308	0.0384615	0.442308	0.0192308	
0.00998464	0.0234255	0.00768049	0.173579	0.145929	0.137097	0.0272657	0.25192	0.00192012	0.0833333	0.0203533	0.0122888	0.0633641	0.0391705	0.00268817	
0.0185185	0.0716049	0.0037037	0.108642	0.135802	0.237037	0.0407407	0.181481	0.0234568	0.0382716	0.0358025	0.0283951	0.0703704	0.0037037	0.00246914	
0.0159236	0.0350318	0.0955414	0.0859873	0.0955414	0.124204	0.149682	0.0828025	0.022293	0.0191083	0.0509554	0.0828025	0.124204	0.00636943	0.00955414	
0.0416667	0.145833	0.0625	0.0208333	0.1875	0.166667	0.0208333	0.0625	0.0208333	0.0625	0.0416667	0.0208333	0.104167	0.0208333	0.0208333	
0.325	0.025	0.075	0.05	0.05	0.025	0.075	0.025	0.025	0.025	0.05	0.025	0.05	0.15	0.025	
0.0698225	0.0946746	0.166864	0.128994	0.0248521	0.137278	0.0426036	0.100592	0.00710059	0.0402367	0.00710059	0.121893	0.0532544	0.0035503	0.00118343	
0.016325	0.0485953	0.00987092	0.102506	0.0269552	0.557327	0.0178436	0.0827639	0.00493546	0.0713743	0.00493546	0.0197418	0.0242976	0.00683371	0.00569476	
0.0201097	0.0457038	0.0274223	0.0429616	0.104205	0.139854	0.149909	0.211152	0.0201097	0.0383912	0.0182815	0.035649	0.137112	0.00822669	0.000914077	
0.0234185	0.0596107	0.0632603	0.115268	0.0860706	0.259732	0.0772506	0.0796837	0.00760341	0.0325426	0.0547445	0.0805961	0.0562652	0.00152068	0.00243309	
0.00914947	0.0693164	0.0146391	0.0733421	0.1065	0.194701	0.072537	0.242937	0.00907627	0.041502	0.00666081	0.0983751	0.060972	0.000219587	7.31957e-05	
0.0178623	0.0656871	0.00259291	0.0688562	0.0800922	0.158456	0.0628061	0.27917	0.0244886	0.138577	0.00489772	0.0270815	0.0642466	0.000864304	0.00432152	
0.0762852	0.109453	0.0464345	0.0480929	0.0248756	0.139303	0.102819	0.119403	0.0116086	0.0713101	0.013267	0.107794	0.0812604	0.0116086	0.0364842	
0.0322581	0.00868486	0.00620347	0.00992556	0.044665	0.08933	0.00992556	0.147643	0.0124069	0.166253	0.00868486	0.0459057	0.0434243	0.166253	0.208437	
0.0156522	0.00985507	0.0353623	0.0231884	0.14029	0.0753623	0.107826	0.222029	0.0133333	0.0150725	0.0510145	0.0811594	0.204638	0.00405797	0.00115942	
0.00649351	0.0350649	0.0181818	0.21039	0.115584	0.193506	0.0623377	0.194805	0.0103896	0.0402597	0.0142857	0.0467532	0.0428571	0.00519481	0.0038961	
0.0754717	0.0188679	0.0377358	0.0188679	0.0566038	0.0377358	0.0377358	0.0943396	0.0754717	0.188679	0.0377358	0.0754717	0.0188679	0.0754717	0.150943	
0.0796813	0.00398406	0.0438247	0.00398406	0.0438247	0.123506	0.0577689	0.113546	0.0139442	0.145418	0.0159363	0.00796813	0.0756972	0.123506	0.14741	
0.0502674	0.137968	0.0491979	0.0545455	0.0406417	0.168984	0.0780749	0.0641711	0.00320856	0.154011	0.0374332	0.13262	0.0256684	0.00106952	0.00213904	
0.0348558	0.0637019	0.0444712	0.0264423	0.123798	0.169471	0.0757212	0.0925481	0.0264423	0.15024	0.00600962	0.121394	0.0600962	0.00240385	0.00240385	
0.04	0.08	0.16	0.04	0.04	0.04	0.04	0.08	0.04	0.08	0.12	0.04	0.08	0.04	0.08	
0.022082	0.0591483	0.023265	0.0323344	0.110016	0.0922713	0.106861	0.215694	0.0394322	0.0780757	0.045347	0.0709779	0.0942429	0.00197161	0.00828076	
0.175439	0.105263	0.0350877	0.0175439	0.0350877	0.0877193	0.0175439	0.280702	0.0175439	0.0701754	0.0350877	0.0350877	0.0350877	0.0350877	0.0175439	
0.0390335	0.0710967	0.0288104	0.0901487	0.0597119	0.188662	0.133829	0.141961	0.00975836	0.0383364	0.00975836	0.0848048	0.101766	0.000464684	0.00185874	
0.0280374	0.0373832	0.0186916	0.0373832	0.271028	0.11215	0.11215	0.0841121	0.00934579	0.11215	0.0186916	0.0841121	0.0560748	0.00934579	0.00934579	
0.00560224	0.092437	0.0168067	0.145658	0.0812325	0.117647	0.106443	0.120448	0.0140056	0.092437	0.0196078	0.0644258	0.106443	0.00840336	0.00840336	
0.0632911	0.151899	0.0126582	0.101266	0.0126582	0.202532	0.0506329	0.101266	0.0379747	0.0253165	0.0126582	0.0506329	0.0632911	0.0886076	0.0253165	
0.0598958	0.0364583	0.0104167	0.03125	0.0546875	0.166667	0.106771	0.0625	0.015625	0.148438	0.15625	0.0989583	0.0260417	0.0130208	0.0130208	
0.0152439	0.0335366	0.027439	0.0792683	0.106707	0.323171	0.054878	0.0762195	0.00914634	0.0823171	0.0609756	0.0823171	0.0365854	0.00304878	0.00914634	
0.0845964	0.0542827	0.010927	0.0229115	0.095171	0.234755	0.0606274	0.101868	0.00422982	0.218188	0.0148044	0.0528728	0.0419457	0.00211491	0.00070497	
0.0586713	0.0172563	0.0379638	0.0224331	0.0681622	0.069025	0.0862813	0.137187	0.0534944	0.0379638	0.134599	0.0767903	0.139776	0.0319241	0.0284728	
0.0227273	0.0159091	0.0340909	0.0431818	0.129545	0.102273	0.0818182	0.136364	0.0340909	0.0545455	0.0295455	0.0159091	0.2	0.0977273	0.00227273	
0.0642857	0.0392857	0.0785714	0.0142857	0.192857	0.15	0.05	0.0857143	0.0214286	0.182143	0.05	0.025	0.0357143	0.00714286	0.00357143	
0.0324324	0.0351351	0.00540541	0.0810811	0.0756757	0.327027	0.0918919	0.186486	0.00810811	0.0378378	0.0189189	0.0162162	0.0756757	0.0027027	0.00540541	
0.0794631	0.089396	0.0485906	0.0279195	0.0668456	0.121342	0.113826	0.120537	0.0118121	0.0544966	0.0193289	0.0985235	0.138523	0.000536913	0.00885906	
0.0814558	0.017331	0.0259965	0.0034662	0.0103986	0.0294627	0.00693241	0.0103986	0.12825	0.0485269	0.0311958	0.0103986	0.0155979	0.533795	0.0467938	
0.027881	0.0836431	0.0130112	0.035316	0.0390335	0.122677	0.0966543	0.115242	0.0315985	0.0817844	0.0762082	0.163569	0.107807	0.00185874	0.00371747	
0.0298913	0.108696	0.0190217	0.0570652	0.138587	0.146739	0.0978261	0.141304	0.013587	0.0461957	0.0380435	0.0869565	0.0652174	0.00815217	0.00271739	
0.016	0.056	0.016	0.056	0.136	0.192	0.112	0.056	0.016	0.152	0.016	0.048	0.096	0.024	0.008	
0.0713232	0.084604	0.067716	0.0631251	0.0419741	0.127234	0.0800131	0.105427	0.00787014	0.160026	0.0122971	0.0921463	0.0624693	0.00541072	0.0183637	
0.0155642	0.0116732	0.0116732	0.0077821	0.101167	0.182879	0.143969	0.0933852	0.0428016	0.0311284	0.0311284	0.0505837	0.252918	0.0116732	0.0116732	
0.0104302	0.0443286	0.0156454	0.179922	0.0430248	0.220339	0.0912647	0.147327	0.00521512	0.053455	0.00391134	0.0664928	0.0977836	0.0156454	0.00521512	
0.0555556	0.166667	0.0555556	0.111111	0.0555556	0.0555556	0.0555556	0.0555556	0.0555556	0.0555556	0.0555556	0.0555556	0.0555556	0.0555556	0.0555556	
0.216931	0.0176367	0.0529101	0.047619	0.0529101	0.00352734	0.0440917	0.102293	0.111111	0.031746	0.0388007	0.026455	0.0352734	0.12522	0.0934744	
0.0869565	0.0434783	0.0434783	0.0434783	0.130435	0.0434783	0.0434783	0.0434783	0.0434783	0.0434783	0.0869565	0.173913	0.0434783	0.0869565	0.0434783	
0.0289687	0.0544612	0.02781	0.0498262	0.0301275	0.242178	0.105446	0.128621	0.00579374	0.149479	0.0173812	0.0822711	0.0672074	0.00115875	0.00926999	
0.0133803	0.000704225	0.015493	0.0056338	0.0169014	0.028169	0.0056338	0.000704225	0.00633803	0.00492958	0.28662	0.0190141	0.00140845	0.592254	0.0028169	
0.125	0.0416667	0.0416667	0.0416667	0.0416667	0.0416667	0.0416667	0.0416667	0.0416667	0.0416667	0.125	0.0416667	0.0416667	0.25	0.0416667	
0.0573394	0.0866972	0.00229358	0.0665138	0.0252294	0.211009	0.0931193	0.226606	0.00917431	0.152752	0.000458716	0.0229358	0.0431193	0.00137615	0.00137615	
0.0151515	0.166667	0.0151515	0.0757576	0.0151515	0.106061	0.0454545	0.0151515	0.0454545	0.106061	0.0454545	0.242424	0.0757576	0.0151515	0.0151515	
0.0375	0.00625	0.0125	0.0125	0.0125	0.0375	0.025	0.00625	0.1125	0.00625	0.00625	0.0125	0.03125	0.01875	0.6625	
0.0333405	0.0863432	0.0282112	0.0777944	0.0976704	0.157085	0.0919	0.170549	0.00897628	0.0457363	0.0194486	0.106647	0.0741611	0.000427442	0.00170977	
0.0465116	0.0232558	0.0232558	0.0232558	0.0232558	0.0465116	0.0232558	0.0232558	0.0465116	0.116279	0.0930233	0.0232558	0.116279	0.0232558	0.348837	
0.00816327	0.0346939	0.00204082	0.0163265	0.138776	0.293878	0.0857143	0.0959184	0.00408163	0.161224	0.00816327	0.116327	0.0306122	0.00204082	0.00204082	
0.0404412	0.00735294	0.0992647	0.0294118	0.0183824	0.0735294	0.0367647	0.00367647	0.525735	0.0220588	0.0183824	0.0441176	0.0147059	0.0551471	0.0110294	
0.0182768	0.078329	0.0274151	0.140992	0.0339426	0.198433	0.0926893	0.144909	0.0130548	0.0391645	0.00130548	0.104439	0.103133	0.00130548	0.00261097	
0.0047619	0.0457875	0.0307692	0.0040293	0.114652	0.299634	0.106227	0.141392	0.00732601	0.0355311	0.0131868	0.081685	0.111355	0.0014652	0.0021978	
0.116505	0.0485437	0.038835	0.194175	0.106796	0.0485437	0.0970874	0.0485437	0.00970874	0.0485437	0.0291262	0.0873786	0.0776699	0.038835	0.00970874	
0.0214168	0.0790774	0.0115321	0.110379	0.194399	0.181219	0.0461285	0.176277	0.014827	0.0428336	0.0593081	0.0362438	0.0230643	0.00164745	0.00164745	
0.152838	0.0393013	0.00436681	0.161572	0.0524017	0.240175	0.069869	0.152838	0.0349345	0.0131004	0.00873362	0.0131004	0.0480349	0.00436681	0.00436681	
0.0282575	0.0910518	0.0376766	0.0816327	0.0910518	0.122449	0.100471	0.0549451	0.0141287	0.180534	0.0141287	0.11617	0.0596546	0.00156986	0.00627943	
0.172043	0.0967742	0.016129	0.0913978	0.0215054	0.107527	0.0537634	0.145161	0.0215054	0.123656	0.0483871	0.0537634	0.0322581	0.0107527	0.00537634	
0.0230608	0.0293501	0.0524109	0.00209644	0.0880503	0.230608	0.100629	0.15304	0.00628931	0.119497	0.0419287	0.081761	0.067086	0.00209644	0.00209644	
0.0254237	0.0649718	0.0254237	0.0367232	0.0988701	0.141243	0.0508475	0.115819	0.0169492	0.0960452	0.0310734	0.211864	0.0536723	0.0254237	0.00564972	
0.0629183	0.060241	0.273092	0.00669344	0.0133869	0.0669344	0.0562249	0.060241	0.13253	0.0950469	0.00267738	0.0669344	0.0361446	0.0562249	0.0107095	
0.025966	0.0367852	0.012983	0.0197836	0.0469861	0.0485317	0.0964451	0.0871716	0.0213292	0.0540958	0.000618238	0.0284389	0.125811	0.00123648	0.393818	
0.0627786	0.0635215	0.0137444	0.122957	0.0282318	0.157132	0.0605498	0.112184	0.0167162	0.257058	0.00594354	0.0664933	0.0312036	0.000371471	0.00111441	
0.0680861	0.0685719	0.00931023	0.0190253	0.02534	0.25672	0.0333549	0.0716483	0.0076101	0.342536	0.00186205	0.0864637	0.00841969	0.000809585	0.000242876	
0.0387205	0.151094	0.0871212	0.112374	0.0433502	0.0601852	0.137205	0.0875421	0.0324074	0.0324074	0.023569	0.119949	0.0686027	0.000841751	0.00462963	
0.04	0.02	0.04	0.1	0.1	0.02	0.08	0.2	0.02	0.08	0.02	0.06	0.16	0.04	0.02	
0.00309598	0.0588235	0.0309598	0.0278638	0.0712074	0.0526316	0.0557276	0.201238	0.0309598	0.0712074	0.0464396	0.0712074	0.219814	0.0371517	0.0216718	
0.047619	0.0952381	0.047619	0.047619	0.047619	0.047619	0.047619	0.190476	0.047619	0.047619	0.047619	0.142857	0.047619	0.047619	0.047619	
0.0285714	0.0809524	0.0361905	0.032381	0.0361905	0.146667	0.0504762	0.0961905	0.00190476	0.104762	0.0171429	0.0752381	0.0352381	0.00285714	0.255238	
0.044186	0.00930233	0.00930233	0.00232558	0.0511628	0.0139535	0.0186047	0.0627907	0.044186	0.165116	0.0744186	0.00232558	0.0651163	0.172093	0.265116	
0.0462963	0.0648148	0.0185185	0.0185185	0.0185185	0.185185	0.111111	0.111111	0.00925926	0.00925926	0.0185185	0.259259	0.111111	0.00925926	0.00925926	
0.00598546	0.0491663	0.0102608	0.0436084	0.0572894	0.238136	0.129543	0.180419	0.00855066	0.0560068	0.0119709	0.117572	0.0884994	0.000855066	0.00213767	
0.0332829	0.065053	0.02118	0.0922844	0.02118	0.207262	0.0635401	0.198185	0.01059	0.160363	0.0136157	0.0590015	0.0378215	0.00302572	0.0136157	
0.0308924	0.110984	0.020595	0.0514874	0.0331808	0.236842	0.0978261	0.161327	0.0154462	0.0675057	0.0097254	0.0961098	0.062357	0.00171625	0.00400458	
0.0594354	0.0579495	0.0208024	0.0326895	0.0980684	0.0475483	0.0787519	0.175334	0.0282318	0.0728083	0.0624071	0.0371471	0.0995542	0.0594354	0.0698366	
0.0253114	0.0916031	0.000401768	0.0216955	0.0791483	0.150663	0.0325432	0.2045	0.010446	0.295701	0.00883889	0.0233025	0.0425874	0.00160707	0.0116513	
0.093985	0.116541	0.0244361	0.0676692	0.0883459	0.227444	0.0338346	0.12406	0.0056391	0.0244361	0.0169173	0.118421	0.037594	0.0169173	0.0037594	
0.00387597	0.0542636	0.0600775	0.0155039	0.0891473	0.203488	0.129845	0.0910853	0.0116279	0.0852713	0.00775194	0.145349	0.0775194	0.00581395	0.0193798	
0.164975	0.0431472	0.0571066	0.0736041	0.0431472	0.124365	0.0913706	0.110406	0.034264	0.0469543	0.0304569	0.0761421	0.0926396	0.00126904	0.0101523	
0.0581818	0.109091	0.0290909	0.00727273	0.0690909	0.141818	0.134545	0.116364	0.0181818	0.105455	0.00727273	0.12	0.0581818	0.0218182	0.00363636	
0.0330357	0.138839	0.0544643	0.0772321	0.0397321	0.140625	0.096875	0.149554	0.0138393	0.028125	0.0147321	0.155804	0.0517857	0.00133929	0.00401786	
0.217391	0.0217391	0.0434783	0.0217391	0.0217391	0.0217391	0.0217391	0.0217391	0.0434783	0.0217391	0.0217391	0.0217391	0.0217391	0.0217391	0.456522	
0.0485149	0.126733	0.0108911	0.0613861	0.0544554	0.153465	0.0772277	0.194059	0.0118812	0.0821782	0.0316832	0.1	0.0455446	0.000990099	0.000990099	
0.137179	0.0192308	0.00897436	0.0384615	0.0115385	0.0141026	0.0435897	0.129487	0.025641	0.139744	0.0282051	0.00769231	0.0538462	0.123077	0.219231	
0.0740741	0.0138889	0.00925926	0.087963	0.0740741	0.106481	0.037037	0.203704	0.0740741	0.12037	0.0277778	0.00462963	0.106481	0.0462963	0.0138889	
0.0236469	0.0310037	0.00210194	0.160273	0.0830268	0.139254	0.0567525	0.188124	0.0241724	0.222281	0.00840778	0.00578035	0.0535996	0.000525486	0.00105097	
0.0134048	0.0831099	0.0241287	0.0589812	0.0268097	0.203753	0.0938338	0.24933	0.00268097	0.0402145	0.0294906	0.117962	0.0241287	0.0294906	0.00268097	
0.0222222	0.0333333	0.0111111	0.311111	0.0111111	0.0555556	0.0444444	0.244444	0.0111111	0.144444	0.0444444	0.0222222	0.0222222	0.0111111	0.0111111	
0.0223249	0.0165512	0.00423403	0.047729	0.264434	0.145112	0.0573518	0.249038	0.0100077	0.047729	0.0134719	0.0319477	0.0881447	0.00115473	0.000769823	
0.0518992	0.00864987	0.00451297	0.0503949	0.069575	0.0402407	0.0440015	0.151937	0.0455058	0.0534035	0.000752162	0.0172997	0.182023	0.00338473	0.27642	
0.0131579	0.0526316	0.0921053	0.0263158	0.105263	0.0526316	0.0526316	0.157895	0.0394737	0.0657895	0.0131579	0.0131579	0.289474	0.0131579	0.0131579	
0.0930781	0.0972018	0.0686303	0.04919	0.0215022	0.222386	0.0536082	0.0480118	0.0167894	0.147865	0.014433	0.0998527	0.0385862	0.00265096	0.026215	
0.0185728	0.0171065	0.00342131	0.0816227	0.123167	0.0469208	0.0537634	0.398338	0.0112414	0.0997067	0.0151515	0.0273705	0.100196	0.00146628	0.00195503	
0.28	0.04	0.08	0.12	0.04	0.04	0.04	0.04	0.04	0.04	0.04	0.04	0.04	0.04	0.08	
0.0308742	0.107701	0.0592353	0.112368	0.0281817	0.190271	0.0901095	0.0998025	0.00861605	0.0604918	0.0143601	0.139831	0.0542093	0.00107701	0.00287202	
0.0168067	0.0470588	0.0117647	0.0403361	0.097479	0.208403	0.097479	0.211765	0.00672269	0.0319328	0.0218487	0.112605	0.092437	0.00168067	0.00168067	
0.0203666	0.0814664	0.0162933	0.0610998	0.0967413	0.226069	0.0356415	0.115071	0.0112016	0.189409	0.0101833	0.0824847	0.0519348	0.00101833	0.00101833	
0.0536842	0.0157895	0.00736842	0.0421053	0.0463158	0.0326316	0.0463158	0.2	0.0273684	0.151579	0.0189474	0.00526316	0.107368	0.16	0.0852632	
0.0415335	0.0351438	0.0351438	0.121406	0.223642	0.057508	0.0479233	0.0830671	0.00958466	0.0607029	0.00958466	0.0127796	0.201278	0.0255591	0.0351438	
0.1875	0.0104167	0.03125	0.0729167	0.03125	0.208333	0.177083	0.0520833	0.0104167	0.0520833	0.0104167	0.0729167	0.0104167	0.03125	0.0416667	
0.0797774	0.0760668	0.00556586	0.0612245	0.0760668	0.128015	0.0927644	0.194805	0.0185529	0.0723562	0.0296846	0.00556586	0.152134	0.00556586	0.00185529	
0.0503641	0.0540049	0.0370146	0.0315534	0.0746359	0.157767	0.115291	0.137136	0.0169903	0.038835	0.0194175	0.130461	0.132888	0.00303398	0.000606796	
0.0198675	0.0927152	0.0231788	0.110927	0.0546358	0.210265	0.0364238	0.178808	0.013245	0.203642	0.00827815	0.0231788	0.0149007	0.00827815	0.00165563	
0.0552764	0.0502513	0.0150754	0.0703518	0.0954774	0.0904523	0.0904523	0.175879	0.0201005	0.0954774	0.00502513	0.0452261	0.100503	0.00502513	0.0854271	
0.0134771	0.00539084	0.0202156	0.0404313	0.136119	0.0512129	0.181941	0.239892	0.0404313	0.0148248	0.0377358	0.0336927	0.177898	0.00269542	0.00404313	
0.00757576	0.0707071	0.0505051	0.0176768	0.0530303	0.156566	0.244949	0.169192	0.0126263	0.040404	0.0176768	0.106061	0.0454545	0.00252525	0.00505051	
0.0424242	0.130909	0.0824242	0.0363636	0.0751515	0.117576	0.132121	0.106667	0.0242424	0.0545455	0.00969697	0.070303	0.112727	0.00363636	0.00121212	
0.0678571	0.0473214	0.0142857	0.0303571	0.0758929	0.242857	0.0758929	0.1625	0.0142857	0.0419643	0.00714286	0.06875	0.138393	0.00535714	0.00714286	
0.0476821	0.0397351	0.0503311	0.254305	0.0649007	0.15894	0.0370861	0.0357616	0.00264901	0.177483	0.0145695	0.0649007	0.0291391	0.0198675	0.00264901	
0.0491803	0.114754	0.0163934	0.0983607	0.0983607	0.147541	0.0655738	0.0655738	0.0327869	0.0819672	0.0327869	0.0819672	0.0163934	0.0819672	0.0163934	
0.0382728	0.0667321	0.0618253	0.0441609	0.0598626	0.209028	0.0696762	0.16683	0.00785083	0.162905	0.000981354	0.0549558	0.0480864	0.00490677	0.00392542	
0.0274286	0.0308571	0.0182857	0.0411429	0.0502857	0.0228571	0.064	0.072	0.00457143	0.0914286	0.0228571	0.0182857	0.126857	0.0137143	0.395429	
0.0666667	0.1	0.0333333	0.0666667	0.0666667	0.0333333	0.133333	0.0666667	0.0666667	0.0666667	0.0666667	0.0333333	0.0333333	0.133333	0.0333333	
0.031477	0.0363196	0.0532688	0.102906	0.0544794	0.253027	0.0992736	0.0762712	0.00847458	0.138015	0.00726392	0.106538	0.027845	0.00363196	0.00121065	
0.0111386	0.15099	0.0210396	0.0519802	0.0457921	0.217822	0.105198	0.095297	0.00618812	0.125	0.0123762	0.0977723	0.0544554	0.00247525	0.00247525	
0.0273973	0.164384	0.0273973	0.0410959	0.0136986	0.0273973	0.136986	0.0821918	0.0273973	0.0684932	0.0684932	0.0684932	0.123288	0.109589	0.0136986	
0.0637778	0.0677449	0.0375343	0.234361	0.0225816	0.0689655	0.0527922	0.114434	0.0128166	0.216967	0.0170888	0.0509612	0.0289899	0.0103753	0.000610314	
0.0282051	0.0542735	0.0525641	0.178632	0.0252137	0.186752	0.0773504	0.105983	0.0166667	0.116239	0.0269231	0.0978632	0.0260684	0.00683761	0.00042735	
0.0342342	0.0602785	0.0386568	0.022113	0.0606061	0.244881	0.0968059	0.147912	0.00704341	0.0520885	0.0121212	0.146601	0.0723997	0.0027846	0.0014742	
0.0333333	0.0333333	0.0333333	0.0333333	0.166667	0.233333	0.0666667	0.0333333	0.0333333	0.166667	0.0333333	0.0333333	0.0333333	0.0333333	0.0333333	
0.0272887	0.0629401	0.00880282	0.0853873	0.0691021	0.465229	0.0506162	0.141285	0.0096831	0.0352113	0.00176056	0.0378521	0.00264085	0.000440141	0.00176056	
0.121622	0.0225225	0.027027	0.103604	0.045045	0.144144	0.018018	0.0990991	0.0675676	0.0585586	0.0630631	0.0765766	0.0675676	0.0675676	0.018018	
0.0142527	0.186826	0.0115562	0.100539	0.0254237	0.271186	0.0473806	0.199153	0.00924499	0.102465	0.00308166	0.0173344	0.00808937	0.00192604	0.00154083	
0.0423892	0.134875	0.0105973	0.0549133	0.0626204	0.233141	0.0433526	0.10501	0.0115607	0.100193	0.0308285	0.125241	0.0423892	0.000963391	0.00192678	
0.0592334	0.0557491	0.0278746	0.0243902	0.121951	0.254355	0.0592334	0.202091	0.0243902	0.0278746	0.00348432	0.0627178	0.0696864	0.00348432	0.00348432	
0.27611	0.0500313	0.00562852	0.0434647	0.0109443	0.0159475	0.0231395	0.0300188	0.0146967	0.0600375	0.0156348	0.00875547	0.0253283	0.00969356	0.410569	
0.0554415	0.0349076	0.0616016	0.0246407	0.0554415	0.156057	0.119097	0.102669	0.026694	0.0287474	0.036961	0.190965	0.0985626	0.00410678	0.00410678	
0.0357654	0.0858369	0.0214592	0.141631	0.0529328	0.0543634	0.0600858	0.227468	0.0615165	0.0901288	0.0143062	0.0500715	0.101574	0.00143062	0.00143062	
0.0457849	0.0704942	0.0123547	0.113372	0.0559593	0.135174	0.065407	0.170058	0.00799419	0.121366	0.0247093	0.090843	0.0792151	0.00508721	0.00218023	
0.0208623	0.0834492	0.0570236	0.0500695	0.069541	0.125174	0.0751043	0.173853	0.0125174	0.0236439	0.00973574	0.146036	0.140473	0.00139082	0.0111266	
0.013245	0.00662252	0.013245	0.013245	0.311258	0.0264901	0.0331126	0.152318	0.0529801	0.0463576	0.165563	0.0993377	0.0397351	0.013245	0.013245	
0.0472698	0.0374898	0.00733496	0.0350448	0.0782396	0.0872046	0.0847596	0.167889	0.0187449	0.176039	0.0611247	0.0374898	0.106764	0.0529747	0.00162999	
0.00961538	0.0542986	0.00395928	0.248303	0.0554299	0.220023	0.0294118	0.213801	0.00848416	0.0904977	0.00113122	0.0169683	0.0395928	0.00678733	0.00169683	
0.0709459	0.0540541	0.0585586	0.0822072	0.0777027	0.300676	0.0394144	0.0382883	0.00675676	0.161036	0.00563063	0.0518018	0.0484234	0.00337838	0.00112613	
0.0131783	0.0604651	0.0573643	0.179845	0.0604651	0.0984496	0.0728682	0.193798	0.0100775	0.0635659	0.0379845	0.0767442	0.0643411	0.00852713	0.00232558	
0.0150506	0.0404639	0.0767333	0.0143104	0.0648902	0.0653837	0.110535	0.104367	0.0777202	0.0160375	0.122625	0.0693314	0.163583	0.0298544	0.0291142	
0.0693878	0.122449	0.0857143	0.0244898	0.00408163	0.163265	0.122449	0.179592	0.0653061	0.0653061	0.00816327	0.0204082	0.0489796	0.0122449	0.00816327	
0.00996016	0.060757	0.00896414	0.174303	0.0418327	0.22012	0.0278884	0.195219	0.0139442	0.140438	0.00697211	0.0169323	0.061753	0.0199203	0.000996016	
0.0501567	0.216301	0.0181818	0.129781	0.0808777	0.0633229	0.0388715	0.170533	0.0213166	0.09279	0.0169279	0.0507837	0.0206897	0.0206897	0.00877743	
0.0894085	0.0976616	0.03989	0.0694635	0.0130674	0.208391	0.0894085	0.183631	0.00550206	0.110041	0.0137552	0.0433287	0.0323246	0.00275103	0.00137552	
0.0171485	0.0617344	0.0534052	0.00293974	0.0499755	0.150906	0.151886	0.186183	0.0146987	0.0132288	0.0342969	0.121509	0.137188	0.000979912	0.00391965	
0.0807292	0.0130208	0.0338542	0.015625	0.00651042	0.00911458	0.00651042	0.0286458	0.0455729	0.0677083	0.0182292	0.0169271	0.0221354	0.0208333	0.614583	
0.00862069	0.0517241	0.00862069	0.0948276	0.0172414	0.25	0.0172414	0.12069	0.00862069	0.275862	0.0172414	0.0517241	0.0431034	0.0172414	0.0172414	
0.132231	0.18641	0.00275482	0.10101	0.0578512	0.110193	0.0413223	0.0991736	0.0330579	0.126722	0.010101	0.0312213	0.0615243	0.00550964	0.000918274	
0.17153	0.0761041	0.00828076	0.0638801	0.0587539	0.0942429	0.091877	0.203864	0.0208991	0.0540221	0.011041	0.035489	0.0977918	0.00157729	0.0106467	
0.0114799	0.0459196	0.00549039	0.211879	0.0421762	0.106564	0.0319441	0.201647	0.00249563	0.111804	0.000499127	0.00349389	0.0204642	0.202396	0.00174694	
0.0112613	0.0337838	0.0292793	0.0045045	0.231982	0.263514	0.0315315	0.119369	0.0045045	0.135135	0.0112613	0.0923423	0.0225225	0.0045045	0.0045045	
0.012987	0.0408163	0.0148423	0.0556586	0.0974026	0.118738	0.120594	0.204082	0.0120594	0.028757	0.0473098	0.0602968	0.167904	0.0176252	0.000927644	
0.0334076	0.0841871	0.0311804	0.0405345	0.0801782	0.14343	0.0904232	0.195546	0.0013363	0.122049	0.00712695	0.0890869	0.0806236	0.000445434	0.000445434	
0.0247855	0.07245	0.0333651	0.0571973	0.0781697	0.0981888	0.0714967	0.181125	0.0162059	0.160153	0.0104862	0.129647	0.0638704	0.00190658	0.000953289	
0.0452716	0.0623742	0.0171026	0.241449	0.0311871	0.230382	0.0432596	0.0945674	0.00804829	0.114688	0.0472837	0.0492958	0.0110664	0.00201207	0.00201207	
0.0205128	0.025641	0.0102564	0.0923077	0.141026	0.110256	0.117949	0.233333	0.0153846	0.0179487	0.0205128	0.0230769	0.15641	0.00769231	0.00769231	
0.0490196	0.135076	0.0305011	0.0501089	0.0511983	0.232026	0.0686275	0.0784314	0.0087146	0.120915	0.0228758	0.124183	0.0087146	0.0119826	0.00762527	
0.0605578	0.0573705	0.0247012	0.0908367	0.0302789	0.269323	0.098008	0.133068	0.00717131	0.0956175	0.000796813	0.089243	0.0406375	0.000796813	0.00159363	
0.0187583	0.0686922	0.0216645	0.109379	0.134214	0.144518	0.115456	0.170674	0.0124174	0.0198151	0.0150594	0.0520476	0.113606	0.00237781	0.001321	
0.0132325	0.0661626	0.0189036	0.0604915	0.10586	0.0907372	0.0510397	0.120983	0.0245747	0.132325	0.0189036	0.151229	0.134216	0.00567108	0.00567108	
0.0027933	0.0204842	0.0181564	0.195996	0.08473	0.106611	0.102421	0.256052	0.0148976	0.0656425	0.0153631	0.0256052	0.0875233	0.0027933	0.000931099	
0.0181206	0.0515144	0.0129433	0.245664	0.0453016	0.0838726	0.0453016	0.195444	0.00647165	0.0926741	0.00414186	0.0372767	0.0582449	0.101993	0.00103546	
0.0193022	0.132146	0.0081663	0.196733	0.0727543	0.118782	0.0801782	0.174462	0.00965108	0.0601336	0.0148478	0.0593912	0.0504826	0.00222717	0.00074239	
0.0363501	0.0697329	0.0126113	0.0823442	0.0823442	0.313056	0.0393175	0.149852	0.00445104	0.103858	0.00148368	0.060089	0.041543	0.00148368	0.00148368	
0.102446	0.00152905	0.00611621	0.0519878	0.0152905	0.0152905	0.0229358	0.0259939	0.0229358	0.0351682	0.0382263	0.029052	0.00764526	0.00917431	0.616208	
0.0805281	0.00792079	0.00792079	0.00264026	0.0811881	0.0521452	0.0732673	0.136634	0.00132013	0.0580858	0.0145215	0.0330033	0.0983498	0.154455	0.19802	
0.027027	0.0968468	0.0259009	0.0563063	0.0337838	0.146396	0.126126	0.244369	0.0191441	0.0495495	0.0157658	0.0743243	0.0743243	0.00337838	0.00675676	
0.0382166	0.022293	0.0477707	0.302548	0.0159236	0.0764331	0.0286624	0.124204	0.00636943	0.10828	0.0318471	0.0159236	0.0509554	0.11465	0.0159236	
0.0104275	0.0291971	0.0385819	0.130344	0.0344108	0.31074	0.084463	0.107404	0.0104275	0.0740355	0.0135558	0.092805	0.0573514	0.00521376	0.00104275	
0.0251309	0.0408377	0.0181501	0.146597	0.0614311	0.186387	0.122513	0.215707	0.0111693	0.095288	0.00279232	0.0338569	0.0331588	0.00418848	0.00279232	
0.0153846	0.0343407	0.00274725	0.0791209	0.142308	0.182692	0.0711538	0.215659	0.0104396	0.102198	0.00714286	0.0315934	0.104121	0.000549451	0.000549451	
0.0261676	0.0838026	0.0645909	0.0357734	0.0361047	0.162305	0.120238	0.175224	0.0139119	0.0679033	0.0152368	0.0897648	0.101027	0.00596224	0.00198741	
0.0146628	0.129032	0.0322581	0.123167	0.058651	0.1261	0.105572	0.196481	0.0175953	0.0967742	0.00879765	0.0557185	0.0293255	0.00293255	0.00293255	
0.00378583	0.0562466	0.0151433	0.04543	0.289886	0.122769	0.035695	0.155219	0.01298	0.0962683	0.0757166	0.0594916	0.0302866	0.000540833	0.000540833	
0.00581395	0.169574	0.0193798	0.139535	0.0639535	0.223837	0.0339147	0.0571705	0.0145349	0.112403	0.0329457	0.0901163	0.0329457	0.00290698	0.000968992	
0.0256948	0.07656	0.0104877	0.103304	0.0503408	0.115889	0.0928159	0.206607	0.0372313	0.167803	0.00524384	0.0398532	0.065548	0.00209754	0.000524384	
0.042953	0.130201	0.0167785	0.0174497	0.0530201	0.102685	0.0812081	0.226846	0.0114094	0.0463087	0.0355705	0.155034	0.0744966	0.00402685	0.00201342	
0.08	0.04	0.04	0.16	0.12	0.04	0.04	0.08	0.04	0.04	0.04	0.04	0.12	0.08	0.04	
0.0240964	0.0746988	0.0722892	0.0144578	0.125301	0.195181	0.0746988	0.13012	0.0168675	0.0361446	0.125301	0.0289157	0.0698795	0.00481928	0.00722892	
0.161987	0.111231	0.0475162	0.0831533	0.103672	0.0345572	0.0367171	0.104752	0.00215983	0.172786	0.0388769	0.0734341	0.0205184	0.00215983	0.00647948	
0.0331157	0.0597015	0.0629664	0.0527052	0.0475746	0.17444	0.113806	0.0783582	0.0130597	0.161847	0.0261194	0.0872201	0.0741604	0.00932836	0.00559701	
0.00561798	0.0337079	0.00561798	0.185393	0.0224719	0.157303	0.117978	0.0898876	0.00561798	0.0842697	0.00561798	0.146067	0.0898876	0.0393258	0.011236	
0.0769231	0.153846	0.0961538	0.0769231	0.115385	0.0384615	0.0576923	0.0576923	0.0192308	0.0192308	0.134615	0.0576923	0.0192308	0.0384615	0.0384615	
