0.0175703	0.0124247	0.032505	0.0242219	0.00363956	0.864583	0.0139307	0.00790663	0.00363956	0.0195783	
0.4464	0.165877	0.0412999	0.0634168	0.079666	0.000225683	0.0182803	0.0880162	0.000225683	0.0965922	
0.241117	0.194416	0.0208122	0.187817	0.142132	0.00152284	0.0314721	0.0786802	0.00152284	0.100508	
0.16315	0.218003	0.021097	0.0703235	0.274262	0.00421941	0.0421941	0.106892	0.00140647	0.0984529	
0.442478	0.165782	0.019469	0.0277286	0.0513274	0.000589971	0.0495575	0.130383	0.00294985	0.109735	
0.233837	0.209668	0.0332326	0.106344	0.119637	0.00422961	0.0356495	0.117221	0.00060423	0.139577	
0.319283	0.204484	0.0529148	0.0502242	0.0529148	0.00269058	0.0313901	0.0959641	0.00807175	0.182063	
0.00884956	0.0132743	0.0707965	0.0265487	0.00442478	0.681416	0.0973451	0.00442478	0.0663717	0.0265487	
0.321637	0.239766	0.0175439	0.0409357	0.146199	0.00584795	0.0467836	0.0555556	0.00292398	0.122807	
0.257703	0.252101	0.0448179	0.0168067	0.117647	0.00280112	0.0728291	0.103641	0.00280112	0.128852	
0.389389	0.0690691	0.004004	0.0680681	0.285285	0.001001	0.048048	0.0650651	0.001001	0.0690691	
0.214622	0.0556633	0.00747715	0.0102465	0.0188313	0.00304625	0.0786486	0.384104	0.0102465	0.217114	
0.210526	0.125	0.0197368	0.0526316	0.0789474	0.00657895	0.0394737	0.177632	0.0131579	0.276316	
0.197232	0.103806	0.0519031	0.0899654	0.242215	0.00346021	0.0865052	0.0276817	0.0865052	0.110727	
0.395077	0.258222	0.0606832	0.0379801	0.0358583	0.000212179	0.0763845	0.0496499	0.000212179	0.0857203	
0.223776	0.447552	0.020979	0.00699301	0.0629371	0.00699301	0.0979021	0.0979021	0.00699301	0.027972	
0.205628	0.23557	0.018759	0.0277778	0.14899	0.000721501	0.0804473	0.114358	0.00036075	0.167388	
0.234913	0.24788	0.0219451	0.112718	0.206983	0.00149626	0.0478803	0.0543641	0.000498753	0.0713217	
0.266278	0.183673	0.150632	0.177843	0.0981535	0.0456754	0.00680272	0.04276	0.00194363	0.0262391	
0.317609	0.324405	0.0319808	0.0363782	0.0581651	0.00019988	0.0345793	0.0885469	0.00019988	0.107935	
0.496694	0.176246	0.0361139	0.0116989	0.226602	0.000508647	0.00356053	0.0208545	0.000508647	0.0272126	
0.0885942	0.249072	0.479576	0.0214854	0.0188329	0.000265252	0.0806366	0.0254642	0.00557029	0.030504	
0.128455	0.211382	0.0878049	0.0878049	0.0796748	0.0211382	0.0796748	0.0878049	0.143089	0.0731707	
0.232229	0.216468	0.0144741	0.0649727	0.19138	0.00160823	0.0366677	0.125442	0.000321647	0.116436	
0.0227273	0.204545	0.113636	0.0681818	0.0227273	0.0454545	0.0681818	0.318182	0.0454545	0.0909091	
0.172563	0.11769	0.0115523	0.119134	0.341516	0.000722022	0.0404332	0.0490975	0.0144404	0.132852	
0.13245	0.207506	0.0320088	0.0187638	0.0960265	0.00110375	0.0717439	0.192053	0.00220751	0.246137	
0.2544	0.18048	0.05792	0.152	0.07936	0.00032	0.02016	0.13728	0.00128	0.1168	
0.283068	0.249722	0.0159318	0.023342	0.163023	0.000370508	0.0177844	0.0929974	0.000741015	0.15302	
0.268153	0.190373	0.0606473	0.0250204	0.0772369	0.0421539	0.0644547	0.166168	0.00271961	0.103073	
0.222294	0.193875	0.020244	0.0796782	0.22463	0.00103815	0.0419154	0.12367	0.000389307	0.0922658	
0.0347432	0.0422961	0.00453172	0.00151057	0.021148	0.577039	0.216012	0.0151057	0.0619335	0.0256798	
0.00393701	0.00131234	0.0183727	0.0170604	0.00131234	0.89895	0.0393701	0.0104987	0.00393701	0.00524934	
0.238532	0.431193	0.0366972	0.0779817	0.0642202	0.0137615	0.0412844	0.0412844	0.00917431	0.0458716	
0.0908184	0.471058	0.0379242	0.011976	0.0494012	0.000499002	0.0314371	0.0813373	0.00598802	0.219561	
0.194969	0.371069	0.0880503	0.0943396	0.0251572	0.00628931	0.0125786	0.0566038	0.00628931	0.144654	
0.238582	0.35078	0.0353191	0.02	0.090922	0.000141844	0.0516312	0.101702	0.000283688	0.110638	
0.295918	0.163265	0.0204082	0.156463	0.0816327	0.00680272	0.047619	0.173469	0.00340136	0.0510204	
0.144701	0.341712	0.0298913	0.0169837	0.264266	0.000679348	0.0441576	0.0720109	0.0108696	0.0747283	
0.469758	0.163306	0.00604839	0.0383065	0.149194	0.00201613	0.00604839	0.078629	0.00403226	0.0826613	
0.254936	0.156366	0.0120172	0.00400572	0.060372	0.000572246	0.0555079	0.16309	0.000715308	0.292418	
0.248762	0.14604	0.0049505	0.0891089	0.0730198	0.00123762	0.00123762	0.219059	0.00247525	0.214109	
0.349586	0.153634	0.0101196	0.125115	0.0791168	0.000919963	0.0229991	0.113155	0.00827967	0.137075	
0.393701	0.240157	0.0551181	0.0826772	0.019685	0.00393701	0.00393701	0.0551181	0.00393701	0.141732	
0.161365	0.277735	0.0550815	0.0488751	0.0411171	0.000775795	0.137316	0.131109	0.00155159	0.145074	
0.152036	0.290712	0.0248092	0.000636132	0.0152672	0.000636132	0.117048	0.166031	0.000636132	0.232188	
0.259259	0.037037	0.135802	0.0123457	0.0740741	0.0246914	0.0493827	0.296296	0.0123457	0.0987654	
0.390644	0.205954	0.0121507	0.0176185	0.0334143	0.00303767	0.0479951	0.144593	0.00121507	0.143378	
0.201126	0.137942	0.0121989	0.037848	0.0850798	0.00688145	0.101658	0.177979	0.00375352	0.235533	
0.35012	0.0143885	0.0455635	0.16307	0.306954	0.0311751	0.0239808	0.0551559	0.00239808	0.00719424	
0.390374	0.145913	0.0244461	0.026738	0.0328495	0.000763942	0.00687548	0.139801	0.000763942	0.231474	
0.165613	0.481669	0.0240202	0.0126422	0.0518331	0.00126422	0.00126422	0.0265487	0.00126422	0.233881	
0.252688	0.123656	0.0107527	0.0430108	0.166667	0.00537634	0.0376344	0.16129	0.0107527	0.188172	
0.232076	0.098218	0.0149192	0.0907584	0.140075	0.00290095	0.0758392	0.216328	0.0037298	0.125155	
0.214217	0.334294	0.0172911	0.00864553	0.0461095	0.000960615	0.0489914	0.110471	0.000960615	0.21806	
0.11553	0.375354	0.0363093	0.012889	0.0121031	0.000157183	0.182804	0.111129	0.000785916	0.152939	
0.182482	0.321168	0.116788	0.0437956	0.0729927	0.00729927	0.0656934	0.0364964	0.00729927	0.145985	
0.183905	0.331926	0.0266491	0.111609	0.230871	0.00158311	0.00791557	0.021372	0.000263852	0.083905	
0.127062	0.188136	0.028431	0.218322	0.347841	0.002457	0.000702001	0.048789	0.004914	0.033345	
0.178947	0.0736842	0.263158	0.0736842	0.0736842	0.0210526	0.221053	0.0315789	0.0105263	0.0526316	
0.22478	0.342427	0.0204604	0.0448991	0.223927	0.00227337	0.0102302	0.0659278	0.00142086	0.0636544	
0.307692	0.182692	0.00480769	0.0240385	0.0528846	0.00961538	0.0817308	0.115385	0.00480769	0.216346	
0.232865	0.30223	0.0346821	0.0462428	0.0404624	0.00165153	0.0156895	0.073493	0.000825764	0.251858	
0.238806	0.242537	0.141791	0.0858209	0.220149	0.011194	0.0335821	0.0149254	0.00746269	0.00373134	
0.0760331	0.21157	0.0198347	0.00909091	0.0380165	0.0239669	0.270248	0.171074	0.00247934	0.177686	
0.146667	0.172063	0.0120635	0.0673016	0.151429	0.00253968	0.138095	0.166032	0.00285714	0.140952	
0.0387597	0.00442968	0.0155039	0.0155039	0.0177187	0.442968	0.17608	0.0155039	0.259136	0.0143965	
0.218562	0.262731	0.0559135	0.0629807	0.131366	0.000207857	0.0381418	0.110892	0.000103928	0.119102	
0.121062	0.330191	0.019102	0.0270404	0.044902	0.000248077	0.0121558	0.0637559	0.00347308	0.37807	
0.398456	0.192278	0.0138996	0.142085	0.0880309	0.000772201	0.0123552	0.0702703	0.00540541	0.0764479	
0.181945	0.247726	0.0293912	0.0209937	0.0426872	0.00209937	0.0839748	0.160952	0.00559832	0.224633	
0.140401	0.310888	0.173352	0.100287	0.034384	0.00143266	0.0773639	0.0372493	0.025788	0.0988539	
0.333804	0.188073	0.0451658	0.0737474	0.0515173	0.000705716	0.0508116	0.103035	0.000352858	0.152788	
0.320809	0.210983	0.0317919	0.0202312	0.00867052	0.0202312	0.147399	0.118497	0.0317919	0.0895954	
0.00184502	0.0147601	0.0166052	0.0276753	0.0295203	0.747232	0.0332103	0.0276753	0.0701107	0.0313653	
0.383117	0.198052	0.00974026	0.116883	0.136364	0.00974026	0.025974	0.0487013	0.00324675	0.0681818	
0.244516	0.171215	0.17389	0.0882825	0.0294275	0.00642055	0.0952381	0.0743713	0.0155163	0.101124	
0.206897	0.206897	0.275862	0.0344828	0.0689655	0.0344828	0.0344828	0.0689655	0.0344828	0.0344828	
0.105263	0.0526316	0.0526316	0.105263	0.0526316	0.0526316	0.157895	0.263158	0.0526316	0.105263	
0.288934	0.229508	0.0204918	0.0532787	0.103484	0.00204918	0.00614754	0.154713	0.00614754	0.135246	
0.281879	0.154362	0.0134228	0.0872483	0.268456	0.0201342	0.0134228	0.0402685	0.00671141	0.114094	
0.258009	0.250216	0.0242424	0.0649351	0.12987	0.000865801	0.0233766	0.0779221	0.004329	0.166234	
0.194079	0.197368	0.0921053	0.131579	0.0460526	0.00657895	0.134868	0.0625	0.0657895	0.0690789	
0.244186	0.226216	0.0813953	0.14482	0.173362	0.00105708	0.0369979	0.0147992	0.00211416	0.0750529	
0.314361	0.157618	0.0665499	0.0569177	0.10683	0.00262697	0.0936953	0.0849387	0.00437828	0.112084	
0.424128	0.159284	0.0593779	0.0235627	0.0838831	0.000942507	0.0311027	0.104618	0.000942507	0.112158	
0.224314	0.216376	0.0179179	0.0777954	0.192787	0.000226809	0.0598775	0.0809707	0.00113404	0.128601	
0.0358343	0.055991	0.0817469	0.0503919	0.0470325	0.584546	0.0391937	0.0055991	0.0492721	0.0503919	
0.226184	0.245875	0.0149015	0.04843	0.0580096	0.000532198	0.0228845	0.150612	0.0127728	0.219798	
0.292043	0.257685	0.0189873	0.0126582	0.191682	0.000904159	0.045208	0.0858951	0.00813743	0.0867993	
0.0188679	0.0188679	0.0566038	0.0377358	0.0188679	0.0377358	0.0377358	0.0188679	0.735849	0.0188679	
0.143627	0.393178	0.038061	0.0567325	0.188151	0.000359066	0.0179533	0.0409336	0.0021544	0.118851	
0.333333	0.266667	0.0144444	0.0111111	0.162222	0.00111111	0.00555556	0.07	0.00555556	0.13	
0.238095	0.122024	0.0595238	0.0119048	0.154762	0.00297619	0.0505952	0.193452	0.00595238	0.160714	
0.217391	0.173913	0.0217391	0.108696	0.0434783	0.0434783	0.0652174	0.152174	0.0217391	0.152174	
0.0769231	0.0512821	0.025641	0.333333	0.0512821	0.128205	0.205128	0.0769231	0.025641	0.025641	
0.226847	0.082206	0.0176899	0.237253	0.164412	0.00104058	0.0312175	0.101977	0.00104058	0.136316	
0.583897	0.116851	0.0171001	0.0434628	0.164232	0.00320627	0.0131813	0.0224439	0.000712504	0.0349127	
0.211232	0.236379	0.0268231	0.015088	0.0771165	0.00251467	0.116513	0.126572	0.00251467	0.185247	
0.279428	0.104752	0.0199784	0.0631749	0.117171	0.000809935	0.025108	0.216523	0.000809935	0.172246	
0.284161	0.232146	0.0122388	0.0127596	0.118352	6.50999e-05	0.0201159	0.106243	0.0001302	0.213788	
0.227238	0.429972	0.045138	0.0242456	0.138509	0.00593242	0.0257931	0.0474594	0.00696415	0.048749	
0.278499	0.0923521	0.01443	0.105339	0.0793651	0.046176	0.11544	0.112554	0.001443	0.154401	
0.075594	0.24946	0.544276	0.0399568	0.00971922	0.00431965	0.00431965	0.00971922	0.00431965	0.0583153	
0.13774	0.257316	0.0211907	0.00454087	0.0110999	0.00100908	0.168012	0.136731	0.00201816	0.260343	
0.242741	0.238095	0.0197445	0.00813008	0.239257	0.010453	0.00929152	0.126597	0.00116144	0.10453	
0.0344828	0.12069	0.0689655	0.137931	0.12069	0.137931	0.206897	0.0172414	0.137931	0.0172414	
0.111658	0.0935961	0.390805	0.0673235	0.0755337	0.00328407	0.0952381	0.0377668	0.0295567	0.0952381	
0.29623	0.139138	0.013465	0.194794	0.108618	0.000897666	0.0143627	0.106822	0.000897666	0.124776	
0.324675	0.186147	0.0541126	0.0941558	0.0519481	0.00108225	0.0822511	0.0378788	0.00324675	0.164502	
0.0384615	0.0384615	0.0384615	0.115385	0.0384615	0.307692	0.0384615	0.0769231	0.230769	0.0769231	
0.171254	0.291879	0.0411145	0.03228	0.06456	0.00135916	0.11315	0.140333	0.00713558	0.136935	
0.140351	0.122807	0.0877193	0.22807	0.122807	0.0175439	0.0350877	0.0701754	0.0175439	0.157895	
0.322135	0.152243	0.0244525	0.0125452	0.100361	0.00106315	0.0601744	0.154795	0.00021263	0.172018	
0.175439	0.403509	0.0263158	0.0175439	0.0701754	0.00877193	0.0526316	0.0964912	0.00877193	0.140351	
0.170426	0.142857	0.0225564	0.0877193	0.192982	0.00250627	0.107769	0.0802005	0.00501253	0.18797	
0.152941	0.105882	0.0470588	0.117647	0.188235	0.0235294	0.0235294	0.0823529	0.0352941	0.223529	
0.282167	0.0767494	0.0812641	0.0902935	0.0225734	0.0857788	0.0744921	0.0677201	0.0699774	0.148984	
0.382022	0.202247	0.0196629	0.0196629	0.0449438	0.00280899	0.0224719	0.148876	0.00280899	0.154494	
0.359923	0.233516	0.0524284	0.126086	0.0292699	0.000643294	0.0337729	0.0633644	0.00160823	0.0993889	
0.105182	0.217324	0.0440835	0.129157	0.0464037	0.00696056	0.0850735	0.137664	0.0928074	0.135344	
0.110874	0.309168	0.0959488	0.0362473	0.0959488	0.0021322	0.108742	0.0810235	0.00426439	0.15565	
0.20132	0.227723	0.0726073	0.260726	0.0429043	0.00330033	0.00990099	0.0759076	0.00660066	0.0990099	
0.456359	0.187032	0.0074813	0.0249377	0.114713	0.00249377	0.0274314	0.0972569	0.0074813	0.074813	
0.248289	0.148926	0.0167571	0.0188813	0.044607	0.000236016	0.195657	0.142318	0.00236016	0.181968	
0.0117233	0.0152403	0.028136	0.03517	0.00586166	0.740914	0.00937866	0.00468933	0.146542	0.00234467	
0.227929	0.142857	0.0176565	0.0160514	0.0626003	0.00160514	0.120385	0.211878	0.0272873	0.17175	
0.251834	0.141809	0.00733496	0.0293399	0.136919	0.00244499	0.0464548	0.161369	0.0195599	0.202934	
0.258993	0.230216	0.057554	0.0935252	0.0143885	0.0143885	0.0503597	0.194245	0.00719424	0.0791367	
0.203469	0.196929	0.0463529	0.132376	0.0820418	0.012939	0.0752168	0.146595	0.00355467	0.100526	
0.225564	0.210526	0.037594	0.0338346	0.0225564	0.0037594	0.180451	0.093985	0.0037594	0.18797	
0.280193	0.218599	0.0108696	0.0362319	0.166667	0.00362319	0.0700483	0.0700483	0.0120773	0.131643	
0.142857	0.0714286	0.0714286	0.142857	0.214286	0.0714286	0.0714286	0.0714286	0.0714286	0.0714286	
0.0269886	0.0994318	0.0326705	0.015625	0.0426136	0.100852	0.31108	0.0241477	0.28125	0.0653409	
0.166667	0.0555556	0.111111	0.0555556	0.0555556	0.0555556	0.111111	0.166667	0.0555556	0.166667	
0.337688	0.231156	0.0321608	0.146734	0.0452261	0.0040201	0.0673367	0.078392	0.00603015	0.0512563	
0.0312695	0.0106316	0.00250156	0.00625391	0.00125078	0.00125078	0.011257	0.00500313	0.926829	0.00375235	
0.0952381	0.047619	0.0952381	0.047619	0.0952381	0.333333	0.047619	0.047619	0.0952381	0.0952381	
0.371622	0.314611	0.0498311	0.0755912	0.0646115	0.000422297	0.0430743	0.0388514	0.000422297	0.0409628	
0.347222	0.152778	0.0138889	0.0416667	0.0277778	0.0277778	0.0277778	0.291667	0.0138889	0.0555556	
0.00515464	0.0257732	0.00515464	0.0360825	0.0309278	0.695876	0.0103093	0.00515464	0.180412	0.00515464	
0.287046	0.218375	0.02568	0.0374738	0.084649	0.00076089	0.0563059	0.137531	0.000380445	0.151798	
0.0232558	0.0232558	0.139535	0.0232558	0.0465116	0.418605	0.0465116	0.0232558	0.232558	0.0232558	
0.384473	0.310536	0.0462107	0.0203327	0.00554529	0.00369686	0.0240296	0.12939	0.00554529	0.0702403	
0.0786885	0.0229508	0.0196721	0.095082	0.042623	0.0196721	0.0163934	0.0491803	0.613115	0.042623	
0.278291	0.1097	0.02194	0.0588915	0.17321	0.0034642	0.0704388	0.170901	0.0034642	0.1097	
0.331492	0.21092	0.0123497	0.0103997	0.00909977	0.000324992	0.0552486	0.20767	0.00129997	0.161196	
0.0630631	0.117117	0.00900901	0.036036	0.261261	0.00900901	0.0630631	0.171171	0.018018	0.252252	
0.2571	0.218236	0.0284006	0.0313901	0.112108	0.00149477	0.0179372	0.100149	0.00149477	0.231689	
0.242321	0.25256	0.0238908	0.139932	0.0716724	0.00682594	0.00341297	0.0409556	0.170648	0.0477816	
0.251788	0.200286	0.0386266	0.0629471	0.103004	0.00143062	0.0643777	0.191702	0.00143062	0.0844063	
0.126126	0.238739	0.0225225	0.112613	0.0765766	0.0045045	0.184685	0.0675676	0.135135	0.0315315	
0.338552	0.187867	0.0704501	0.0450098	0.0508806	0.00391389	0.00782779	0.187867	0.00195695	0.105675	
0.305764	0.172932	0.0501253	0.0501253	0.0150376	0.00250627	0.0250627	0.213033	0.00250627	0.162907	
0.132488	0.0702765	0.0276498	0.0460829	0.0599078	0.162442	0.0794931	0.0887097	0.300691	0.0322581	
0.0849315	0.164134	0.033873	0.00473225	0.0144458	0.419427	0.180075	0.037858	0.00249066	0.0580324	
0.308954	0.199082	0.105608	0.0662512	0.123647	0.000327976	0.0564119	0.0859298	0.00131191	0.0524762	
0.432743	0.173212	0.169616	0.0274781	0.018055	0.000143864	0.0764638	0.0464681	7.19321e-05	0.0557474	
0.153902	0.113439	0.0184249	0.0520231	0.148121	0.00830925	0.157876	0.196532	0.00108382	0.150289	
0.22	0.3	0.06	0.04	0.22	0.02	0.02	0.02	0.02	0.08	
0.0930931	0.336336	0.0750751	0.00600601	0.042042	0.00600601	0.048048	0.189189	0.00900901	0.195195	
0.117647	0.294118	0.0588235	0.0588235	0.117647	0.0588235	0.0588235	0.117647	0.0588235	0.0588235	
0.203899	0.149472	0.0406174	0.168156	0.0479285	0.216084	0.0243704	0.0333063	0.0503656	0.0658002	
0.0255474	0.0948905	0.633212	0.0693431	0.0109489	0.00729927	0.0930657	0.0364964	0.00729927	0.0218978	
0.375	0.196429	0.00892857	0.0535714	0.0267857	0.00892857	0.0446429	0.142857	0.00892857	0.133929	
0.353007	0.231603	0.0231603	0.0168099	0.0261487	0.000373552	0.0295106	0.178558	0.00933881	0.13149	
0.355053	0.219415	0.0545213	0.0398936	0.175532	0.0146277	0.00930851	0.0478723	0.00797872	0.0757979	
0.387909	0.159698	0.0307305	0.0528967	0.070529	0.00151134	0.0327456	0.106297	0.0211587	0.136524	
0.0866242	0.146497	0.233121	0.0840764	0.135032	0.00127389	0.0675159	0.0878981	0.00382166	0.15414	
0.225097	0.423963	0.0765686	0.0747962	0.0914569	0.00744417	0.00850762	0.0496278	0.000708968	0.0418291	
0.233387	0.124797	0.00162075	0.105348	0.178282	0.00486224	0.0356564	0.105348	0.00162075	0.209076	
0.302609	0.0852174	0.0104348	0.0226087	0.0452174	0.00173913	0.156522	0.18087	0.00173913	0.193043	
0.181918	0.148842	0.016538	0.0672547	0.0992282	0.00110254	0.219405	0.0915105	0.00661521	0.167585	
0.257525	0.204013	0.00668896	0.177258	0.113712	0.00334448	0.0301003	0.0702341	0.00334448	0.133779	
0.270345	0.0996427	0.00754268	0.046447	0.133386	0.000396983	0.0766177	0.1711	0.00158793	0.192934	
0.0227273	0.0227273	0.0227273	0.0681818	0.0227273	0.636364	0.0909091	0.0227273	0.0454545	0.0454545	
0.285467	0.16955	0.0103806	0.178201	0.101211	0.000865052	0.00432526	0.100346	0.0017301	0.147924	
0.0360169	0.135593	0.557203	0.139831	0.0487288	0.00529661	0.0254237	0.00317797	0.0349576	0.0137712	
0.0586319	0.237785	0.107492	0.029316	0.14658	0.00325733	0.0488599	0.00651466	0.319218	0.0423453	
0.185734	0.383048	0.101899	0.0722557	0.145901	0.000463177	0.0273275	0.0333488	0.00185271	0.0481704	
0.32304	0.192399	0.00712589	0.104513	0.0997625	0.0023753	0.0285036	0.133017	0.0023753	0.106888	
0.226804	0.494845	0.0515464	0.0206186	0.113402	0.0103093	0.0103093	0.0103093	0.0103093	0.0515464	
0.235974	0.362462	0.0285617	0.00816049	0.015981	0.00034002	0.0884053	0.0761646	0.00034002	0.183611	
0.0620732	0.263191	0.0415891	0.0121043	0.0301055	0.337678	0.152079	0.0375543	0.000310366	0.0633147	
0.060241	0.204819	0.0361446	0.0120482	0.13253	0.0240964	0.228916	0.0722892	0.0120482	0.216867	
0.321476	0.0609789	0.117144	0.151377	0.0631185	0.0264777	0.0655255	0.102701	0.00187216	0.0893287	
0.1363	0.515531	0.0477515	0.0264256	0.0751043	0.00231803	0.043579	0.0630505	0.000927214	0.0890125	
0.0454545	0.0454545	0.0454545	0.181818	0.0454545	0.0454545	0.272727	0.0909091	0.181818	0.0454545	
0.30517	0.140921	0.019546	0.0857503	0.116803	0.000157629	0.0321564	0.195145	0.000315259	0.104035	
0.453718	0.204856	0.00758725	0.0030349	0.0394537	0.00151745	0.016692	0.124431	0.0030349	0.145675	
0.380907	0.236295	0.0141777	0.010397	0.112476	0.00094518	0.0170132	0.0907372	0.00094518	0.136106	
0.0504787	0.283725	0.416014	0.0774587	0.0565709	0.00522193	0.073107	0.0139252	0.0130548	0.0104439	
0.113314	0.351275	0.0849858	0.0453258	0.0878187	0.00283286	0.11898	0.0679887	0.00566572	0.121813	
0.301887	0.0188679	0.0283019	0.0754717	0.0283019	0.0188679	0.198113	0.188679	0.0188679	0.122642	
0.182759	0.384483	0.0327586	0.0672414	0.0672414	0.00344828	0.146552	0.0310345	0.0103448	0.0741379	
0.221858	0.183607	0.0355191	0.0655738	0.0590164	0.000546448	0.0726776	0.188525	0.00163934	0.171038	
0.28869	0.229167	0.0684524	0.09375	0.229167	0.0014881	0.00744048	0.0416667	0.00297619	0.0372024	
0.12	0.288889	0.0533333	0.0266667	0.102222	0.102222	0.0977778	0.0977778	0.00888889	0.102222	
0.139098	0.328321	0.0388471	0.00877193	0.0689223	0.00501253	0.0789474	0.136591	0.00125313	0.194236	
0.389016	0.16476	0.00228833	0.0389016	0.0709382	0.00457666	0.0366133	0.176201	0.00228833	0.114416	
0.164004	0.142705	0.0202343	0.0617678	0.0734824	0.00425985	0.153355	0.191693	0.00319489	0.185304	
0.30912	0.205004	0.0217918	0.0177563	0.0645682	0.000807103	0.104116	0.119451	0.00161421	0.155771	
0.188235	0.149412	0.0858824	0.162353	0.229412	0.00117647	0.0129412	0.0964706	0.00588235	0.0682353	
0.209677	0.387097	0.016129	0.112903	0.0645161	0.016129	0.0322581	0.0483871	0.0967742	0.016129	
0.299138	0.180172	0.10431	0.114655	0.0724138	0.00258621	0.0474138	0.0724138	0.00258621	0.10431	
0.0491803	0.137898	0.0617165	0.0183221	0.0578592	0.478303	0.0694311	0.0405014	0.00192864	0.0848602	
0.16129	0.0645161	0.0645161	0.0967742	0.0967742	0.0322581	0.258065	0.16129	0.0322581	0.0322581	
0.316456	0.192175	0.0563867	0.0874568	0.0575374	0.00115075	0.00920598	0.162255	0.0126582	0.104718	
0.445321	0.155581	0.0157835	0.0417136	0.109357	0.00225479	0.0259301	0.121759	0.0011274	0.0811725	
0.0833333	0.166667	0.0277778	0.0277778	0.0833333	0.0138889	0.0972222	0.180556	0.0416667	0.277778	
0.124286	0.187653	0.0709818	0.210498	0.259723	0.0013598	0.0155018	0.0707098	0.000543922	0.0587435	
0.276154	0.166923	0.0542308	0.130769	0.143077	0.00153846	0.015	0.125385	0.00192308	0.085	
0.394247	0.141452	0.0198241	0.0216128	0.0576837	0.000149054	0.0688627	0.150544	0.000149054	0.145476	
0.333333	0.185185	0.037037	0.0740741	0.037037	0.037037	0.037037	0.111111	0.037037	0.111111	
0.5732	0.2136	0.0044	0.0188	0.0772	0.0004	0.0084	0.0396	0.0004	0.064	
0.0992366	0.114504	0.164122	0.183206	0.156489	0.00381679	0.110687	0.122137	0.00381679	0.0419847	
0.361198	0.216649	0.0296064	0.056078	0.236155	0.00104493	0.00592128	0.0567746	0.000696621	0.035876	
0.322848	0.181291	0.022351	0.18543	0.0827815	0.00165563	0.0273179	0.128311	0.00165563	0.0463576	
0.343849	0.201893	0.00946372	0.0630915	0.0410095	0.00315457	0.0662461	0.14511	0.00315457	0.123028	
0.0240609	0.0351093	0.0623619	0.232261	0.0432114	0.538669	0.0235699	0.0228333	0.00810214	0.00982077	
0.275728	0.0970874	0.023301	0.0757282	0.015534	0.00194175	0.0912621	0.16699	0.00776699	0.24466	
0.165589	0.282018	0.0439845	0.0258732	0.170763	0.00129366	0.0478655	0.10608	0.00388098	0.152652	
0.231073	0.221856	0.0526662	0.0355497	0.156024	0.00197498	0.0684661	0.0915076	0.00263331	0.138249	
0.312579	0.120712	0.00381194	0.0266836	0.0406607	0.0025413	0.105464	0.174079	0.00127065	0.212198	
0.0606061	0.333333	0.127273	0.0181818	0.030303	0.0424242	0.0121212	0.139394	0.00606061	0.230303	
0.163324	0.253582	0.108883	0.139685	0.0909742	0.000716332	0.0737822	0.0451289	0.00286533	0.12106	
0.3	0.282266	0.020197	0.0551724	0.295074	0.000492611	0.00394089	0.0275862	0.00147783	0.0137931	
0.31968	0.166833	0.045954	0.220779	0.0519481	0.000999001	0.013986	0.0959041	0.002997	0.0809191	
0.194181	0.167794	0.0257104	0.111637	0.195535	0.00067659	0.0500677	0.135318	0.00135318	0.117727	
0.107375	0.104555	0.0173536	0.0112798	0.0247289	0.00390456	0.310846	0.194143	0.0262473	0.199566	
0.290909	0.192727	0.0109091	0.0327273	0.0727273	0.08	0.0581818	0.109091	0.08	0.0727273	
0.275742	0.260908	0.0357766	0.0680628	0.239092	0.0026178	0.0095986	0.052356	0.0017452	0.0541012	
0.107609	0.234783	0.05	0.122826	0.3375	0.000543478	0.011413	0.0565217	0.0048913	0.073913	
0.349027	0.214689	0.0119272	0.151915	0.0872567	0.00251099	0.0182046	0.0834903	0.00125549	0.0797238	
0.286585	0.177265	0.00958188	0.0283101	0.0169861	0.0021777	0.103659	0.218641	0.00043554	0.156359	
0.00842993	0.0273973	0.0410959	0.173867	0.0136986	0.670179	0.00632244	0.00421496	0.0295047	0.0252898	
0.335878	0.274809	0.0610687	0.0687023	0.114504	0.0152672	0.0229008	0.0534351	0.0152672	0.0381679	
0.173312	0.161107	0.0585842	0.127746	0.223759	0.00081367	0.132628	0.0504475	0.0260374	0.0455655	
0.152906	0.282695	0.0478864	0.0366579	0.0918098	0.000990753	0.201783	0.077609	0.0217966	0.0858653	
0.0891068	0.208058	0.0272863	0.183117	0.469196	0.00213174	0.00106587	0.00618205	0.000213174	0.0136431	
0.364729	0.296593	0.0220441	0.01002	0.0340681	0.00400802	0.00200401	0.0761523	0.00200401	0.188377	
0.175676	0.352196	0.0295608	0.0413851	0.0777027	0.000844595	0.0253378	0.135135	0.0160473	0.146115	
0.28583	0.263968	0.0222672	0.0425101	0.0765182	0.000404858	0.0518219	0.120648	0.000404858	0.135628	
0.246341	0.35935	0.0373984	0.0845528	0.0308943	0.000813008	0.0219512	0.123577	0.00162602	0.0934959	
0.313187	0.182234	0.117216	0.0934066	0.161172	0.000915751	0.00641026	0.0714286	0.0018315	0.0521978	
0.1575	0.3575	0.0325	0.0025	0.105	0.0025	0.0725	0.1425	0.0025	0.125	
0.396432	0.0872151	0.0426165	0.086224	0.0515362	0.00198216	0.0267592	0.163528	0.00198216	0.141724	
0.4438	0.159536	0.0348078	0.0384336	0.0855693	0.00217549	0.0210297	0.116751	0.00290065	0.0949964	
0.28091	0.146867	0.016211	0.0048391	0.13114	0.00048391	0.111783	0.158239	0.00048391	0.149044	
0.282534	0.22089	0.0188356	0.0565068	0.0479452	0.00342466	0.0633562	0.166096	0.015411	0.125	
0.164701	0.350142	0.0227735	0.0520537	0.219195	0.00122001	0.0325336	0.0601871	0.000813339	0.0963806	
0.124635	0.231978	0.0350326	0.150236	0.36088	0.000673703	0.0188637	0.0359308	0.000673703	0.0410959	
0.228978	0.247736	0.0187581	0.0504528	0.24903	0.000646831	0.0187581	0.0769728	0.00323415	0.105433	
0.404008	0.19457	0.0193924	0.135747	0.0982547	0.000646412	0.0155139	0.0568843	0.00452489	0.070459	
0.028083	0.029304	0.026862	0.113553	0.015873	0.684982	0.039072	0.020757	0.01221	0.029304	
0.0846731	0.166131	0.486602	0.0428725	0.0166131	0.00750268	0.103966	0.0418006	0.00214362	0.0476956	
0.28125	0.313508	0.0372984	0.0241935	0.0856855	0.0120968	0.0735887	0.101815	0.00100806	0.0695565	
0.0925373	0.179104	0.0268657	0.286567	0.232836	0.041791	0.0328358	0.0358209	0.0686567	0.00298507	
0.408881	0.161887	0.00740056	0.0851064	0.0971323	0.00185014	0.00277521	0.150786	0.00462535	0.079556	
0.34686	0.280193	0.0412238	0.0299517	0.13591	0.00289855	0.0273752	0.0930757	0.000322061	0.04219	
0.26417	0.397753	0.0197253	0.00299625	0.0796504	0.000249688	0.0521848	0.0736579	0.000249688	0.109363	
0.306176	0.19223	0.0295738	0.0405915	0.0347927	0.000289939	0.061757	0.209626	0.00202957	0.122934	
0.274869	0.201571	0.0026178	0.0471204	0.104712	0.0026178	0.0418848	0.128272	0.0026178	0.193717	
0.194101	0.356327	0.0223597	0.027117	0.0551855	0.000475737	0.0104662	0.0984776	0.00142721	0.234063	
0.366548	0.151246	0.024911	0.0685053	0.202847	0.00355872	0.0302491	0.0418149	0.00088968	0.109431	
0.231206	0.409456	0.0345154	0.0255319	0.0699764	0.000472813	0.070922	0.0770686	0.00189125	0.0789598	
0.237478	0.163229	0.0159104	0.0671774	0.0418385	0.000589275	0.0695345	0.140247	0.00176783	0.262227	
0.05	0.2	0.05	0.05	0.15	0.05	0.3	0.05	0.05	0.05	
0.281179	0.210884	0.0113379	0.0408163	0.0453515	0.00226757	0.0566893	0.163265	0.00226757	0.185941	
0.104545	0.159091	0.0981818	0.228182	0.130909	0.00181818	0.0409091	0.107273	0.00727273	0.121818	
0.227309	0.175904	0.0947791	0.106024	0.0534137	0.00361446	0.0923695	0.112048	0.0104418	0.124096	
0.167539	0.240838	0.0104712	0.0837696	0.34555	0.0052356	0.026178	0.026178	0.0104712	0.0837696	
0.333333	0.0980392	0.0588235	0.0392157	0.0196078	0.0196078	0.0588235	0.0980392	0.0588235	0.215686	
0.286267	0.133462	0.0290135	0.174081	0.110251	0.00773694	0.0309478	0.098646	0.00386847	0.125725	
0.131023	0.0842027	0.510556	0.0365127	0.0599851	0.00322901	0.0516642	0.0601093	0.00620964	0.0565077	
0.244186	0.208576	0.0523256	0.0632267	0.292878	0.00363372	0.0123547	0.056686	0.00726744	0.0588663	
0.322164	0.249402	0.0454763	0.0741982	0.071326	0.000957396	0.0612733	0.10675	0.000957396	0.0674964	
0.386218	0.227564	0.0304487	0.0288462	0.0560897	0.00160256	0.0224359	0.0753205	0.00320513	0.168269	
0.287154	0.103275	0.0982368	0.0528967	0.0982368	0.00251889	0.0554156	0.173804	0.00503778	0.123426	
0.0766355	0.0943925	0.228972	0.0299065	0.0271028	0.0271028	0.258879	0.113084	0.0140187	0.129907	
0.11828	0.430108	0.0537634	0.0322581	0.0430108	0.0107527	0.0967742	0.0860215	0.0107527	0.11828	
0.123878	0.332136	0.0682226	0.0556553	0.324955	0.00179533	0.032316	0.0448833	0.00179533	0.0143627	
0.488372	0.0930233	0.0232558	0.0697674	0.0232558	0.0232558	0.0232558	0.0465116	0.0232558	0.186047	
0.170221	0.401677	0.0803718	0.141243	0.155823	0.00619646	0.00109349	0.0165847	0.000182249	0.0266083	
0.378007	0.131443	0.0141753	0.056701	0.131443	0.000859107	0.0300687	0.131443	0.00171821	0.124141	
0.33	0.117143	0.0542857	0.271429	0.168571	0.00285714	0.00571429	0.0228571	0.00142857	0.0257143	
0.235135	0.29027	0.0232432	0.0221622	0.0854054	0.00810811	0.0972973	0.0718919	0.00540541	0.161081	
0.338575	0.123034	0.00462535	0.0175763	0.0869565	0.00185014	0.110083	0.135985	0.00185014	0.179463	
0.313983	0.383644	0.028196	0.0359786	0.10245	0.000127584	0.00893085	0.0455473	0.000382751	0.0807604	
0.367218	0.134929	0.00633319	0.0133104	0.0403607	0.000322027	0.036711	0.226707	0.000429369	0.17368	
0.0100671	0.0190157	0.049217	0.0257271	0.0123043	0.130872	0.00671141	0.0178971	0.701342	0.0268456	
0.216516	0.324773	0.0538771	0.0130916	0.0236657	0.000503525	0.0458207	0.142497	0.00151057	0.177744	
0.519824	0.15859	0.00440529	0.0484581	0.0660793	0.0132159	0.0264317	0.0396476	0.00881057	0.114537	
0.164021	0.453263	0.0361552	0.0661376	0.0626102	0.000881834	0.0308642	0.0529101	0.000881834	0.132275	
0.15625	0.484375	0.0625	0.03125	0.015625	0.00520833	0.0260417	0.0104167	0.109375	0.0989583	
0.260279	0.221733	0.0150514	0.0591043	0.108664	0.000734214	0.092511	0.0862702	0.00146843	0.154185	
0.339114	0.159041	0.0147601	0.00922509	0.0594096	0.000369004	0.0453875	0.15572	0.00184502	0.215129	
0.333333	0.184466	0.0695793	0.173139	0.0809061	0.00323625	0.00809061	0.0436893	0.00485437	0.0987055	
0.386639	0.143215	0.0242171	0.338622	0.0421712	0.000417537	0.0158664	0.0308977	0.000417537	0.0175365	
0.262048	0.189759	0.0512048	0.28012	0.144578	0.00301205	0.0210843	0.0150602	0.0060241	0.0271084	
0.190012	0.0398936	0.0735816	0.0384161	0.0307329	0.278073	0.112884	0.143617	0.017435	0.0753546	
0.156957	0.49351	0.130999	0.0141865	0.0869303	0.000301841	0.013281	0.032297	0.0138847	0.0576517	
0.126761	0.183099	0.0422535	0.140845	0.239437	0.028169	0.084507	0.112676	0.0140845	0.028169	
0.348018	0.237885	0.0484581	0.0528634	0.0837004	0.00440529	0.0440529	0.0881057	0.00881057	0.0837004	
0.311746	0.220194	0.028849	0.0918457	0.245216	0.00147189	0.00471004	0.0418016	0.000883132	0.0532823	
0.150512	0.240347	0.0228526	0.0441292	0.0307329	0.00157604	0.0512214	0.0921986	0.00788022	0.35855	
0.222071	0.246263	0.0337048	0.050829	0.0867083	0.0021745	0.160913	0.0983963	0.000815439	0.0981245	
0.191893	0.21495	0.0449981	0.0576422	0.100409	0.00185943	0.0985496	0.132763	0.00297508	0.153961	
0.190963	0.456309	0.0409207	0.0213129	0.101236	0.000426257	0.041347	0.062873	0.000852515	0.0837596	
0.0758929	0.174107	0.111607	0.0178571	0.0267857	0.00446429	0.165179	0.03125	0.15625	0.236607	
0.443038	0.127733	0.0563867	0.0103567	0.0966628	0.00115075	0.00920598	0.130035	0.00115075	0.124281	
0.104787	0.108933	0.00414625	0.158688	0.0369393	0.306446	0.159442	0.0765172	0.00376932	0.0403317	
0.1375	0.0375	0.075	0.125	0.2125	0.025	0.1	0.1125	0.0125	0.1625	
0.295918	0.117007	0.0129252	0.0482993	0.0156463	0.000680272	0.156463	0.14898	0.00340136	0.20068	
0.392414	0.228301	0.0178702	0.00729395	0.0408461	0.000729395	0.0335522	0.142597	0.000364697	0.136032	
0.294693	0.268156	0.0181564	0.0293296	0.113128	0.00139665	0.0251397	0.131285	0.00139665	0.117318	
0.102894	0.173633	0.0675241	0.141479	0.0353698	0.0096463	0.096463	0.122186	0.128617	0.122186	
0.371615	0.251631	0.0177901	0.0142321	0.0911247	0.000197668	0.0140344	0.0786717	0.00177901	0.158925	
0.238663	0.206444	0.0246619	0.0994431	0.180986	0.00119332	0.0202864	0.0982498	0.00994431	0.120127	
0.483782	0.129226	0.0109834	0.00789429	0.0240261	0.000171615	0.020937	0.186031	0.00034323	0.136605	
0.207042	0.307746	0.0894366	0.0795775	0.19507	0.000704225	0.021831	0.0380282	0.00352113	0.0570423	
0.333837	0.0725076	0.010574	0.0543807	0.0166163	0.00302115	0.0256798	0.271903	0.00755287	0.203927	
0.037037	0.277778	0.0462963	0.00925926	0.0925926	0.277778	0.134259	0.0462963	0.0555556	0.0231481	
0.213894	0.337294	0.0137112	0.0219378	0.0731261	0.00182815	0.00182815	0.11883	0.000914077	0.216636	
0.146742	0.194093	0.029067	0.0150023	0.0314112	0.0726676	0.192686	0.132208	0.0215659	0.164557	
0.115385	0.0769231	0.0192308	0.0769231	0.269231	0.0384615	0.134615	0.0769231	0.0576923	0.134615	
0.200775	0.345384	0.103938	0.0600387	0.11685	0.000645578	0.0219496	0.091672	0.00387347	0.0548741	
0.214254	0.208057	0.0101815	0.0243471	0.0464807	0.00132802	0.22842	0.128818	0.000885347	0.137229	
0.0158416	0.0514851	0.0158416	0.170297	0.0158416	0.677228	0.0356436	0.0019802	0.00990099	0.00594059	
0.349983	0.255983	0.0759625	0.0412764	0.224072	0.000346861	0.00832466	0.0169962	0.00208117	0.024974	
0.281778	0.166815	0.0192593	0.0382222	0.207407	0.000296296	0.0364444	0.111111	0.00325926	0.135407	
0.301007	0.315845	0.0577636	0.0370959	0.131426	0.00105988	0.082141	0.0211977	0.000529942	0.0519343	
0.156332	0.296943	0.050655	0.0122271	0.10917	0.000873362	0.0724891	0.160699	0.0069869	0.133624	
0.481132	0.154088	0.0220126	0.00943396	0.0125786	0.00314465	0.072327	0.113208	0.00314465	0.128931	
0.335015	0.200135	0.100908	0.102926	0.0837538	0.000336361	0.0158089	0.0689539	0.000672721	0.0914901	
0.170543	0.397933	0.0335917	0.0232558	0.0490956	0.0103359	0.100775	0.0930233	0.00516796	0.116279	
0.251793	0.121912	0.0358566	0.277291	0.100398	0.00717131	0.0406375	0.0709163	0.0334661	0.0605578	
0.202247	0.233815	0.0540396	0.046549	0.310326	0.00107009	0.0337079	0.0428036	0.00160514	0.0738363	
0.214008	0.259033	0.0188994	0.0266815	0.322957	0.00166759	0.0350195	0.0566982	0.00111173	0.0639244	
0.252977	0.318635	0.0366913	0.0251046	0.0891535	0.000321854	0.0614741	0.0965562	0.000321854	0.118764	
0.285221	0.217274	0.0414587	0.0184261	0.107869	0.00230326	0.0917466	0.150864	0.000767754	0.0840691	
0.330045	0.284305	0.0367713	0.0125561	0.114798	0.000896861	0.0672646	0.07713	0.000896861	0.0753363	
0.111702	0.132979	0.170213	0.0531915	0.037234	0.117021	0.0106383	0.0265957	0.276596	0.0638298	
0.31665	0.0903984	0.0459653	0.227273	0.133299	0.000510725	0.0132789	0.109295	0.0020429	0.061287	
0.4	0.110497	0.00441989	0.0773481	0.19116	0.00220994	0.0121547	0.102762	0.00110497	0.0983425	
0.216637	0.221338	0.0151899	0.166004	0.212297	0.00126582	0.0274864	0.0605787	0.00379747	0.0754069	
0.191319	0.319427	0.0366625	0.0257059	0.286557	0.000421408	0.00674252	0.0282343	0.000421408	0.104509	
0.326053	0.276911	0.024961	0.0312012	0.140406	0.00546022	0.025741	0.0842434	0.000780031	0.0842434	
0.355167	0.244541	0.0276565	0.055313	0.0800582	0.00582242	0.0101892	0.101892	0.0014556	0.117904	
0.22093	0.0542636	0.0162791	0.00775194	0.0209302	0.00387597	0.122481	0.358915	0.00775194	0.186822	
0.323174	0.205991	0.0430899	0.0751445	0.217026	0.00105097	0.0036784	0.0714661	0.000525486	0.0588544	
0.277293	0.377729	0.040393	0.0283843	0.118996	0.00436681	0.00327511	0.0425764	0.0010917	0.105895	
0.238095	0.220238	0.0416667	0.127976	0.178571	0.00297619	0.0119048	0.0386905	0.00297619	0.136905	
0.227102	0.326851	0.0595985	0.0269762	0.0784191	0.00250941	0.0470514	0.0771644	0.0294856	0.124843	
0.0249034	0.0226558	0.0199586	0.00746202	0.0108784	0.816147	0.0244538	0.0231952	0.0293086	0.0210375	
0.245999	0.168939	0.0675756	0.136337	0.148192	0.0017783	0.0284529	0.106698	0.00355661	0.0924718	
0.121673	0.140684	0.0494297	0.0798479	0.0152091	0.0380228	0.0114068	0.0494297	0.43346	0.0608365	
0.153846	0.0769231	0.153846	0.153846	0.0769231	0.0769231	0.0769231	0.0769231	0.0769231	0.0769231	
0.190476	0.142857	0.047619	0.190476	0.114286	0.0285714	0.0380952	0.161905	0.00952381	0.0761905	
0.32208	0.150547	0.0109489	0.0218978	0.0898723	0.00501825	0.243613	0.0561131	0.00775547	0.0921533	
0.194444	0.0555556	0.138889	0.166667	0.0277778	0.0277778	0.0555556	0.222222	0.0277778	0.0833333	
0.0896057	0.249462	0.0243728	0.121147	0.0759857	0.0401434	0.0681004	0.074552	0.11828	0.138351	
0.194969	0.355795	0.0287511	0.0916442	0.108715	0.000898473	0.0422282	0.0916442	0.000898473	0.0844564	
0.344949	0.126263	0.00959596	0.0969697	0.237879	0.0020202	0.010101	0.0914141	0.000505051	0.080303	
0.0576168	0.0794413	0.0113488	0.00872981	0.0580533	0.00130947	0.0266259	0.0419031	0.645133	0.0698385	
0.373262	0.155325	0.03868	0.0624924	0.0496797	0.000362625	0.0247794	0.185664	0.000483501	0.109271	
0.200483	0.503623	0.0458937	0.0591787	0.120773	0.00241546	0.00362319	0.013285	0.00483092	0.0458937	
0.018574	0.0533253	0.0125824	0.033553	0.0383463	0.649491	0.0443379	0.0359497	0.0431396	0.070701	
0.287926	0.152477	0.0185759	0.0758514	0.0688854	0.00619195	0.0549536	0.140093	0.00851393	0.186533	
0.183824	0.259191	0.0533088	0.0459559	0.09375	0.00183824	0.0165441	0.128676	0.0128676	0.204044	
0.260274	0.207763	0.0148402	0.0365297	0.118721	0.00570776	0.0570776	0.130137	0.00114155	0.167808	
0.0947867	0.454976	0.00947867	0.028436	0.00947867	0.0663507	0.0947867	0.165877	0.014218	0.0616114	
0.29233	0.336873	0.0430678	0.0179941	0.127139	0.00265487	0.0460177	0.0536873	0.0410029	0.039233	
0.189394	0.30303	0.00757576	0.030303	0.143939	0.00757576	0.00757576	0.128788	0.0227273	0.159091	
0.286023	0.206332	0.0530671	0.143911	0.189962	0.000539665	0.0163699	0.0437129	0.000359777	0.059723	
0.30137	0.335616	0.0136986	0.126712	0.0445205	0.00684932	0.00684932	0.0479452	0.00342466	0.113014	
0.29978	0.29758	0.10121	0.0148515	0.0379538	0.00275028	0.0583058	0.0726073	0.000550055	0.114411	
0.0025047	0.0294302	0.0313087	0.0187852	0.00814026	0.0751409	0.053851	0.0112711	0.761428	0.00814026	
0.30125	0.28	0.0325	0.04125	0.105	0.00125	0.01875	0.09375	0.00125	0.125	
0.241758	0.208791	0.0549451	0.186813	0.0879121	0.032967	0.010989	0.0659341	0.021978	0.0879121	
0.0909091	0.0909091	0.0909091	0.0909091	0.0909091	0.0909091	0.181818	0.0909091	0.0909091	0.0909091	
0.206544	0.212387	0.0321356	0.0432369	0.0365177	0.00175285	0.102542	0.17324	0.0105171	0.181128	
0.294838	0.158355	0.0227472	0.106737	0.0454943	0.000874891	0.0839895	0.0997375	0.00349956	0.183727	
0.285714	0.0714286	0.0714286	0.0714286	0.0714286	0.0714286	0.142857	0.0714286	0.0714286	0.0714286	
0.255924	0.208531	0.00473934	0.0236967	0.21327	0.014218	0.014218	0.104265	0.00473934	0.156398	
0.121273	0.180333	0.458716	0.0292431	0.0636468	0.00315367	0.0389908	0.0455849	0.00344037	0.0556193	
0.232699	0.30433	0.0230676	0.0756779	0.0971267	0.000809389	0.0376366	0.0857952	0.00161878	0.141238	
0.200913	0.0456621	0.0273973	0.146119	0.118721	0.00913242	0.0684932	0.283105	0.00456621	0.0958904	
0.288291	0.12015	0.0187202	0.0915589	0.208645	0.000340368	0.0272294	0.11096	0.000340368	0.133764	
0.364	0.200667	0.01	0.022	0.0746667	0.00266667	0.0293333	0.130667	0.000666667	0.165333	
0.13285	0.103865	0.02657	0.0386473	0.0797101	0.0966184	0.0990338	0.15942	0.173913	0.089372	
0.191896	0.16055	0.0237003	0.0420489	0.106269	0.00152905	0.100917	0.190367	0.0030581	0.179664	
0.280161	0.272788	0.0274799	0.0274799	0.0904826	0.00670241	0.0241287	0.132038	0.00871314	0.130027	
0.175573	0.320611	0.0229008	0.00763359	0.0381679	0.00763359	0.0152672	0.0763359	0.00763359	0.328244	
0.214012	0.337092	0.0307102	0.024952	0.0227927	0.000479846	0.150672	0.111324	0.000239923	0.107726	
0.160083	0.405405	0.0748441	0.0623701	0.0623701	0.002079	0.014553	0.033264	0.002079	0.182952	
0.232874	0.203489	0.100275	0.077686	0.145822	0.000550964	0.0506887	0.0879706	0.000183655	0.100459	
0.141884	0.388112	0.0995583	0.107287	0.174457	0.000184026	0.0097534	0.0432462	0.00312845	0.0323887	
0.194175	0.106796	0.038835	0.194175	0.339806	0.00970874	0.00970874	0.0291262	0.00970874	0.0679612	
0.320755	0.251286	0.0171527	0.0574614	0.163808	0.00343053	0.0025729	0.0411664	0.0051458	0.137221	
0.473224	0.177459	0.0164508	0.0553028	0.0962548	0.00175009	0.019951	0.100455	0.00105005	0.0581029	
0.130112	0.282528	0.0408922	0.0223048	0.197026	0.00743494	0.00371747	0.171004	0.00371747	0.141264	
0.359663	0.203221	0.0230061	0.0628834	0.116564	0.00153374	0.053681	0.0966258	0.000766871	0.0820552	
0.229038	0.194192	0.0333938	0.0558984	0.0780399	0.116515	0.0540835	0.103448	0.000362976	0.135027	
0.0888889	0.0222222	0.0666667	0.133333	0.0888889	0.0222222	0.222222	0.177778	0.0222222	0.155556	
0.620579	0.12701	0.00643087	0.0305466	0.144695	0.00160772	0.0096463	0.0096463	0.00321543	0.0466238	
0.187621	0.44294	0.0773694	0.0483559	0.168279	0.00193424	0.0348162	0.0154739	0.00193424	0.0212766	
0.294515	0.187679	0.0106577	0.0054588	0.0992982	0.00103977	0.0353522	0.211074	0.00103977	0.153886	
0.1875	0.21875	0.015625	0.21875	0.0625	0.015625	0.03125	0.125	0.015625	0.109375	
